Episode,Steps,Agent0,Agent1,Agent2,Total
1,1999,-1581.2999999999622,-1751.799999999946,-1732.6000000000088,-5065.699999999917
2,1999,-1709.9999999999554,-1755.7999999999527,-1651.6000000000274,-5117.399999999936
3,1999,-1552.099999999978,-1797.9999999999573,-1720.0000000000061,-5070.099999999941
4,1999,-1637.9999999999527,-1824.6999999999362,-1777.3999999999903,-5240.099999999879
5,1999,-1552.7999999999702,-1884.29999999995,-1756.599999999989,-5193.69999999991
6,1999,-1659.7999999999602,-1772.3999999999407,-1761.599999999995,-5193.799999999896
7,1877,-1493.8999999999724,-1646.6999999999516,-1644.5999999999913,-4785.199999999915
8,1999,-1561.3999999999671,-1804.899999999945,-1745.0000000000057,-5111.299999999917
9,1999,-1520.399999999965,-1801.9999999999459,-1779.4000000000055,-5101.7999999999165
11,1999,-1642.3999999999598,-1753.8999999999498,-1781.9999999999886,-5178.299999999898
12,1999,-1629.999999999969,-1749.79999999995,-1791.999999999999,-5171.799999999918
13,1999,-1648.2999999999638,-1798.4999999999434,-1714.2000000000032,-5160.999999999911
14,1999,-1577.2999999999624,-1782.799999999949,-1727.2000000000005,-5087.299999999912
15,1818,-1504.7999999999638,-1645.6999999999555,-1509.500000000019,-4659.999999999938
16,1999,-1596.8999999999717,-1766.799999999967,-1809.9999999999818,-5173.699999999921
17,1999,-1660.8999999999696,-1829.8999999999373,-1712.7999999999988,-5203.599999999906
18,1999,-1664.7999999999586,-1781.699999999952,-1712.200000000011,-5158.699999999922
19,1999,-1652.199999999964,-1840.59999999995,-1719.799999999999,-5212.599999999913
21,1999,-1601.5999999999574,-1805.4999999999498,-1749.4000000000053,-5156.499999999913
22,1999,-1644.899999999959,-1710.7999999999574,-1686.8000000000245,-5042.499999999941
23,1999,-1653.8999999999598,-1768.2999999999447,-1687.4000000000137,-5109.5999999999185
24,1999,-1690.4999999999616,-1768.899999999947,-1697.800000000011,-5157.19999999992
25,1999,-1544.7999999999674,-1798.3999999999508,-1714.800000000005,-5057.999999999923
26,1999,-1619.1999999999596,-1790.999999999964,-1707.4000000000078,-5117.599999999931
27,1005,-503.3000000000004,-758.0000000000048,-697.4000000000063,-1958.7000000000116
28,886,-454.8000000000017,-621.8000000000062,-595.3,-1671.9000000000078
29,861,-404.8999999999989,-627.9000000000065,-601.3999999999984,-1634.200000000004
31,754,-411.1000000000024,-525.9000000000044,-509.69999999999476,-1446.7000000000016
32,876,-400.0000000000004,-601.9000000000032,-599.6999999999992,-1601.6000000000026
33,862,-431.10000000000133,-605.300000000001,-588.2999999999988,-1624.7000000000012
34,893,-412.9999999999994,-617.5000000000011,-632.6,-1663.1000000000004
35,846,-404.10000000000076,-614.0000000000063,-576.499999999999,-1594.6000000000058
36,896,-426.2000000000005,-646.7000000000039,-630.2999999999994,-1703.200000000004
37,887,-441.30000000000047,-659.1000000000075,-617.5999999999992,-1718.0000000000073
38,786,-416.20000000000124,-542.200000000005,-526.4999999999953,-1484.9000000000015
39,847,-406.60000000000025,-613.0000000000063,-572.5999999999979,-1592.2000000000044
41,849,-405.2000000000002,-660.3000000000083,-595.5999999999971,-1661.1000000000054
42,811,-375.90000000000134,-567.5000000000022,-542.9999999999966,-1486.4
43,844,-395.00000000000006,-593.8000000000054,-599.6999999999974,-1588.5000000000027
44,871,-401.29999999999984,-609.0000000000058,-599.9999999999978,-1610.3000000000034
45,885,-431.0000000000018,-636.900000000004,-611.5999999999993,-1679.500000000005
46,778,-358.50000000000006,-550.7000000000028,-524.4999999999957,-1433.6999999999985
47,761,-362.40000000000026,-523.4000000000041,-531.399999999996,-1417.2000000000003
48,874,-431.6000000000003,-642.6000000000045,-610.0999999999987,-1684.3000000000034
49,791,-390.9000000000006,-563.7000000000054,-561.7999999999967,-1516.4000000000028
51,876,-410.20000000000044,-597.0000000000015,-622.4999999999985,-1629.7000000000003
52,791,-426.100000000002,-556.8000000000053,-539.3999999999967,-1522.300000000004
53,875,-435.5000000000019,-615.3000000000053,-591.7999999999984,-1642.6000000000056
54,855,-404.6000000000003,-597.500000000006,-596.7999999999963,-1598.9000000000026
55,836,-409.60000000000224,-608.2000000000039,-564.4999999999983,-1582.3000000000043
56,804,-425.3000000000021,-575.3000000000061,-539.4999999999961,-1540.1000000000045
57,869,-413.2000000000009,-628.4000000000035,-583.599999999999,-1625.2000000000035
58,955,-458.5,-722.7000000000049,-671.0000000000036,-1852.2000000000085
59,910,-425.9999999999999,-693.3000000000085,-608.1,-1727.4000000000083
61,761,-422.3000000000025,-527.900000000005,-513.9999999999947,-1464.200000000002
62,895,-419.8000000000013,-661.4000000000048,-630.599999999999,-1711.8000000000052
63,824,-390.600000000001,-637.9000000000078,-555.0999999999971,-1583.6000000000058
64,909,-413.8000000000017,-688.3000000000054,-606.3999999999999,-1708.500000000007
65,889,-409.09999999999894,-606.0000000000034,-614.9999999999994,-1630.1000000000017
66,839,-378.70000000000067,-592.0000000000055,-565.1999999999981,-1535.9000000000042
67,880,-433.50000000000216,-642.1000000000041,-621.6999999999978,-1697.300000000004
68,855,-429.10000000000275,-605.2000000000064,-571.9999999999983,-1606.3000000000075
69,818,-390.4000000000006,-586.3000000000026,-561.8999999999967,-1538.6
71,782,-371.90000000000043,-554.0000000000048,-549.8999999999963,-1475.8000000000015
72,848,-378.300000000001,-603.8000000000062,-570.6999999999974,-1552.8000000000047
73,847,-415.3000000000011,-603.4000000000029,-569.1999999999973,-1587.9000000000015
74,890,-422.00000000000006,-658.3000000000071,-607.6999999999998,-1688.000000000007
75,814,-376.99999999999915,-585.0000000000032,-586.699999999999,-1548.7000000000012
76,829,-425.60000000000144,-594.300000000006,-560.5999999999977,-1580.500000000005
77,848,-393.299999999999,-587.6000000000056,-593.8999999999969,-1574.8000000000015
78,780,-386.9000000000015,-555.4000000000036,-532.4999999999967,-1474.800000000002
79,846,-439.5000000000009,-598.0000000000031,-566.899999999998,-1604.4000000000021
81,934,-489.2000000000015,-698.2000000000019,-658.7000000000015,-1846.100000000005
82,932,-525.200000000002,-709.700000000002,-682.7000000000094,-1917.6000000000133
83,900,-425.29999999999893,-638.9000000000042,-617.6999999999997,-1681.9000000000028
84,808,-413.90000000000214,-566.8000000000047,-546.8999999999974,-1527.6000000000042
85,768,-378.2000000000011,-524.7000000000046,-519.099999999995,-1422.000000000001
86,698,-344.4000000000011,-482.1000000000044,-475.69999999999567,-1302.2000000000012
87,853,-407.29999999999967,-606.2000000000061,-596.199999999998,-1609.7000000000037
88,838,-415.10000000000144,-599.9000000000057,-557.6999999999974,-1572.7000000000044
89,962,-538.5000000000026,-691.8000000000009,-684.1000000000012,-1914.4000000000046
91,859,-418.8000000000007,-608.200000000003,-605.5999999999976,-1632.6000000000013
92,855,-409.20000000000016,-617.1000000000064,-585.1999999999991,-1611.5000000000057
93,950,-558.7000000000002,-709.7000000000025,-682.9000000000073,-1951.3000000000102
94,839,-407.9000000000004,-598.6000000000045,-581.7999999999982,-1588.300000000003
95,803,-387.6000000000006,-582.2000000000048,-549.5999999999959,-1519.4000000000015
96,831,-410.8000000000007,-587.5000000000058,-556.9999999999974,-1555.3000000000038
97,860,-413.30000000000047,-640.6000000000042,-605.8999999999987,-1659.8000000000034
98,848,-427.1000000000012,-630.800000000007,-571.6999999999983,-1629.6000000000067
99,857,-417.3999999999999,-609.1000000000059,-589.7999999999975,-1616.3000000000034
101,856,-412.000000000002,-631.6000000000072,-598.0999999999968,-1641.7000000000062
102,860,-418.5000000000007,-594.8000000000037,-579.499999999999,-1592.8000000000034
103,861,-403.50000000000074,-633.5000000000068,-603.9999999999977,-1641.0000000000052
104,877,-411.8999999999993,-673.1000000000073,-620.5999999999991,-1705.6000000000058
105,909,-474.0000000000021,-653.0999999999992,-640.5999999999999,-1767.7000000000012
106,816,-392.60000000000156,-580.8000000000059,-545.4999999999965,-1518.9000000000037
107,861,-428.30000000000115,-644.6000000000068,-606.1999999999988,-1679.1000000000067
108,838,-404.1000000000003,-624.7000000000057,-577.8999999999975,-1606.7000000000035
109,925,-487.80000000000314,-688.5000000000032,-620.2000000000014,-1796.5000000000077
111,854,-410.3000000000008,-625.8000000000044,-601.499999999998,-1637.600000000003
112,898,-448.2000000000005,-655.6000000000046,-629.6999999999991,-1733.5000000000043
113,890,-420.4000000000005,-661.7000000000048,-594.8999999999999,-1677.0000000000052
114,734,-368.6000000000008,-489.9000000000041,-511.0999999999964,-1369.6000000000013
115,957,-461.49999999999886,-675.5999999999996,-665.2000000000025,-1802.300000000001
116,743,-385.2000000000021,-505.9000000000041,-526.199999999997,-1417.3000000000034
117,836,-417.20000000000095,-576.3000000000026,-580.899999999997,-1574.4000000000005
118,797,-402.40000000000134,-544.6000000000048,-535.5999999999958,-1482.600000000002
119,907,-445.2000000000015,-680.9000000000076,-609.6000000000003,-1735.7000000000094
121,817,-417.700000000002,-606.400000000006,-553.5999999999975,-1577.7000000000057
122,889,-437.7000000000015,-667.800000000005,-606.5999999999991,-1712.1000000000054
123,765,-355.40000000000026,-522.0000000000041,-525.1999999999954,-1402.6
124,837,-397.8000000000004,-578.9000000000054,-585.399999999997,-1562.1000000000029
125,913,-441.8000000000013,-671.3000000000052,-611.8000000000005,-1724.900000000007
126,887,-435.20000000000044,-666.3000000000075,-618.599999999999,-1720.100000000007
127,858,-438.00000000000193,-663.7000000000077,-582.0999999999992,-1683.8000000000088
128,795,-383.7000000000001,-537.3000000000037,-562.1999999999966,-1483.2000000000005
129,905,-444.10000000000105,-665.8000000000078,-606.7999999999995,-1716.7000000000082
131,895,-402.59999999999815,-633.0000000000011,-619.4,-1654.999999999999
132,890,-417.29999999999995,-639.3000000000055,-607.2999999999996,-1663.900000000005
133,888,-430.3999999999994,-667.0000000000028,-650.7000000000024,-1748.100000000005
134,876,-408.30000000000047,-659.0000000000083,-604.2999999999984,-1671.6000000000072
135,860,-404.79999999999944,-624.0000000000068,-589.0999999999974,-1617.9000000000037
136,847,-409.9000000000014,-623.0000000000067,-592.9999999999969,-1625.900000000005
137,777,-362.8999999999998,-523.1000000000046,-528.7999999999952,-1414.7999999999995
138,860,-396.0000000000006,-582.1000000000043,-593.0999999999977,-1571.2000000000025
139,965,-489.90000000000174,-765.3000000000098,-651.8000000000026,-1907.000000000014
141,868,-422.700000000002,-662.3000000000083,-582.2999999999985,-1667.3000000000088
142,867,-393.00000000000017,-607.1000000000064,-601.399999999998,-1601.5000000000045
143,877,-455.500000000003,-667.7000000000057,-589.3999999999992,-1712.6000000000079
144,826,-435.6000000000024,-607.9000000000067,-560.8999999999983,-1604.4000000000074
145,915,-464.0000000000023,-659.100000000004,-615.8000000000004,-1738.9000000000067
146,864,-397.6000000000001,-620.7000000000041,-597.6999999999978,-1616.000000000002
147,797,-376.7000000000007,-562.2000000000029,-560.1999999999963,-1499.1
148,871,-447.0000000000016,-614.3000000000063,-587.599999999999,-1648.900000000007
149,820,-396.7000000000016,-603.7000000000066,-568.2999999999961,-1568.7000000000044
151,834,-411.7000000000007,-592.6000000000033,-580.3000000000006,-1584.6000000000047
152,900,-437.10000000000076,-658.5000000000047,-606.1000000000008,-1701.7000000000062
153,798,-387.7000000000004,-580.8000000000059,-553.6999999999957,-1522.200000000002
154,862,-399.0999999999996,-619.4000000000037,-609.4999999999982,-1628.0000000000016
155,798,-390.1000000000004,-554.700000000004,-539.0999999999959,-1483.9000000000005
156,885,-429.60000000000025,-626.8000000000044,-630.1999999999988,-1686.6000000000035
157,914,-443.50000000000114,-638.5000000000045,-630.8999999999999,-1712.9000000000055
158,770,-370.2000000000007,-555.400000000002,-519.2999999999948,-1444.8999999999976
159,845,-424.7000000000004,-606.2000000000052,-574.3999999999988,-1605.3000000000043
161,916,-449.89999999999975,-677.8000000000075,-632.0999999999997,-1759.8000000000068
162,855,-417.3000000000013,-599.900000000003,-601.1999999999974,-1618.400000000002
163,872,-412.3000000000014,-635.6000000000066,-613.6999999999978,-1661.6000000000058
164,810,-371.89999999999986,-572.8000000000056,-566.0999999999968,-1510.8000000000025
165,862,-414.2000000000009,-608.9000000000069,-600.699999999998,-1623.8000000000059
166,854,-418.9000000000007,-600.4000000000024,-581.2999999999979,-1600.600000000001
167,898,-471.20000000000255,-680.6000000000084,-608.3000000000005,-1760.1000000000117
168,921,-433.39999999999964,-653.9000000000002,-630.6000000000012,-1717.900000000001
169,882,-426.80000000000183,-607.800000000003,-628.6999999999987,-1663.3000000000036
171,900,-428.3000000000003,-637.1999999999992,-620.4999999999997,-1685.999999999999
172,831,-401.50000000000153,-597.800000000005,-556.1999999999974,-1555.500000000004
173,886,-412.19999999999925,-648.2000000000071,-617.0999999999995,-1677.500000000006
174,866,-427.60000000000076,-621.4000000000043,-608.0999999999975,-1657.1000000000026
175,925,-431.39999999999947,-670.5000000000053,-631.2000000000013,-1733.1000000000063
176,881,-434.0000000000002,-621.8000000000011,-614.0000000000001,-1669.8000000000015
177,811,-400.39999999999964,-576.3000000000055,-566.5999999999966,-1543.3000000000018
178,828,-403.8000000000013,-607.0000000000066,-556.4999999999974,-1567.3000000000052
179,806,-367.2000000000003,-592.8000000000064,-561.4999999999959,-1521.5000000000027
181,873,-434.20000000000203,-628.5000000000039,-613.5999999999992,-1676.3000000000052
182,959,-465.50000000000006,-684.300000000001,-649.6000000000032,-1799.4000000000042
183,761,-388.5000000000008,-526.8000000000047,-513.9999999999948,-1429.3000000000002
184,813,-390.100000000001,-593.0000000000063,-562.799999999996,-1545.9000000000033
185,828,-419.90000000000225,-592.5000000000059,-557.0999999999974,-1569.5000000000055
186,854,-407.3000000000015,-597.900000000003,-572.0999999999981,-1577.3000000000027
187,859,-394.3999999999993,-603.5000000000064,-582.3999999999983,-1580.3000000000038
188,806,-387.4000000000008,-592.6000000000062,-558.8999999999957,-1538.9000000000026
189,1017,-503.5000000000017,-769.3000000000084,-701.2000000000041,-1974.0000000000143
191,828,-418.60000000000105,-581.7000000000053,-572.6999999999965,-1573.0000000000027
192,795,-386.1000000000005,-556.900000000003,-554.1999999999967,-1497.2000000000003
193,804,-368.60000000000065,-568.0000000000053,-543.6999999999965,-1480.3000000000025
194,777,-372.2000000000007,-522.2000000000046,-516.1999999999944,-1410.5999999999997
195,878,-410.8999999999985,-610.9000000000037,-605.0999999999992,-1626.9000000000015
196,811,-397.10000000000065,-612.7000000000065,-561.3999999999966,-1571.200000000004
197,827,-404.20000000000044,-616.4000000000062,-565.1999999999989,-1585.8000000000056
198,844,-408.6000000000007,-619.8000000000045,-618.8999999999991,-1647.3000000000043
199,813,-372.9000000000005,-564.5000000000055,-553.1999999999956,-1490.6000000000017
201,826,-414.20000000000175,-576.3000000000058,-563.2999999999985,-1553.800000000006
202,881,-412.5999999999998,-643.2000000000041,-638.8000000000018,-1694.6000000000056
203,775,-356.6000000000004,-554.7000000000048,-548.3999999999968,-1459.700000000002
204,937,-437.80000000000103,-710.5000000000085,-637.4000000000015,-1785.700000000011
205,836,-444.7000000000018,-581.3000000000054,-593.4999999999992,-1619.5000000000064
206,789,-374.40000000000134,-542.500000000004,-550.3999999999971,-1467.3000000000025
207,812,-389.2000000000006,-594.8000000000063,-563.4999999999956,-1547.5000000000025
208,837,-409.8000000000017,-605.9000000000045,-564.1999999999983,-1579.9000000000046
209,824,-414.7000000000004,-560.5000000000055,-551.2999999999972,-1526.5000000000032
211,770,-377.1000000000008,-553.2000000000058,-517.4999999999945,-1447.800000000001
212,790,-384.8999999999997,-565.2000000000033,-538.2999999999961,-1488.3999999999992
213,858,-387.79999999999944,-607.3000000000061,-601.2999999999972,-1596.4000000000028
214,837,-399.9000000000001,-592.7000000000057,-582.599999999996,-1575.2000000000019
215,868,-439.10000000000105,-621.8000000000037,-608.2999999999977,-1669.2000000000023
216,859,-413.60000000000116,-573.3000000000018,-610.9999999999969,-1597.8999999999999
217,819,-415.8000000000015,-644.3000000000076,-553.1999999999972,-1613.300000000006
218,794,-377.6000000000003,-552.0000000000045,-542.4999999999956,-1472.1000000000004
219,908,-431.5999999999998,-654.6000000000018,-636.8999999999999,-1723.1000000000015
221,889,-454.400000000003,-694.7000000000058,-605.5999999999998,-1754.7000000000085
222,857,-436.00000000000136,-650.5000000000074,-573.999999999998,-1660.5000000000066
223,847,-385.20000000000084,-618.6000000000066,-582.7999999999975,-1586.600000000005
224,831,-391.30000000000064,-587.3000000000055,-577.7999999999975,-1556.4000000000037
225,914,-432.6000000000013,-662.500000000007,-632.6999999999992,-1727.8000000000075
226,802,-371.70000000000044,-551.6000000000046,-535.699999999996,-1459.000000000001
227,991,-522.3000000000017,-771.8000000000059,-736.0000000000099,-2030.1000000000176
228,873,-409.7999999999999,-604.4000000000043,-604.7999999999987,-1619.0000000000027
229,907,-417.89999999999895,-663.9000000000048,-643.2000000000012,-1725.000000000005
231,883,-417.5999999999999,-621.7000000000037,-613.999999999999,-1653.3000000000025
232,799,-425.4000000000013,-600.3000000000063,-546.9999999999976,-1572.7000000000053
233,862,-413.4000000000007,-646.0000000000073,-598.6999999999974,-1658.1000000000054
234,934,-447.3000000000004,-701.4000000000086,-656.7000000000008,-1805.4000000000096
235,761,-383.30000000000246,-536.5000000000048,-527.9999999999956,-1447.800000000003
236,809,-387.4000000000007,-568.7000000000028,-571.7999999999976,-1527.900000000001
237,802,-391.4000000000005,-552.2000000000036,-558.0999999999993,-1501.7000000000035
238,908,-437.60000000000076,-643.3000000000067,-631.299999999999,-1712.2000000000064
239,814,-390.2999999999999,-596.300000000006,-561.2999999999957,-1547.9000000000015
241,814,-382.2000000000004,-583.0000000000031,-547.8999999999968,-1513.1000000000004
242,842,-425.300000000002,-608.9000000000062,-561.0999999999975,-1595.3000000000056
243,883,-428.2000000000006,-632.2000000000039,-617.999999999998,-1678.4000000000026
244,831,-374.1000000000009,-590.6000000000055,-570.5999999999964,-1535.300000000003
245,926,-445.39999999999947,-673.8000000000077,-640.1000000000005,-1759.3000000000075
246,737,-362.10000000000093,-507.50000000000415,-499.9999999999952,-1369.6000000000004
247,928,-456.90000000000083,-675.8000000000059,-646.9000000000012,-1779.6000000000079
248,766,-363.3000000000002,-523.3000000000042,-526.0999999999955,-1412.6999999999998
249,833,-406.80000000000183,-593.8000000000036,-577.399999999997,-1578.0000000000023
251,799,-397.80000000000126,-594.8000000000068,-547.7999999999959,-1540.400000000004
252,805,-367.3000000000007,-554.0000000000055,-545.1999999999963,-1466.5000000000023
253,815,-377.0,-557.7000000000052,-558.5999999999952,-1493.3000000000004
254,826,-397.2000000000015,-553.8000000000044,-570.2999999999968,-1521.3000000000027
255,915,-446.50000000000097,-666.3999999999993,-644.2000000000005,-1757.1000000000008
256,877,-429.69999999999965,-629.500000000007,-605.7999999999982,-1665.000000000005
257,865,-452.2000000000025,-646.0000000000072,-601.5999999999984,-1699.800000000008
258,879,-454.50000000000273,-666.3000000000073,-598.6000000000001,-1719.4000000000103
259,821,-417.50000000000017,-600.5000000000039,-571.7999999999965,-1589.8000000000006
261,796,-374.20000000000084,-552.1000000000048,-543.8999999999951,-1470.2000000000007
262,884,-443.00000000000074,-654.6000000000067,-613.0999999999992,-1710.7000000000066
263,829,-390.49999999999943,-567.5000000000044,-567.7999999999971,-1525.800000000001
264,819,-407.5000000000016,-588.0000000000055,-573.5999999999959,-1569.100000000003
265,803,-403.1000000000014,-577.2000000000036,-540.1999999999962,-1520.5000000000011
266,752,-370.9000000000006,-553.3000000000058,-506.49999999999466,-1430.7000000000012
267,890,-425.2000000000022,-678.0000000000082,-599.3000000000002,-1702.5000000000105
268,888,-417.7999999999997,-621.0000000000017,-661.1000000000001,-1699.9000000000017
269,871,-410.4000000000009,-632.9000000000063,-586.1999999999992,-1629.5000000000064
271,842,-449.6000000000028,-635.6000000000071,-568.4999999999982,-1653.700000000008
272,842,-381.19999999999925,-587.8000000000029,-575.6999999999978,-1544.6999999999998
273,831,-396.2000000000012,-603.0000000000044,-583.9999999999962,-1583.2000000000019
274,818,-372.79999999999967,-612.6000000000068,-569.6999999999956,-1555.1000000000022
275,842,-461.60000000000286,-603.5000000000055,-572.0999999999984,-1637.2000000000066
276,814,-375.5000000000002,-552.5000000000028,-558.4999999999966,-1486.4999999999995
277,818,-399.8999999999995,-581.8000000000056,-550.2999999999963,-1532.0000000000014
278,850,-396.3,-601.9000000000023,-577.4999999999987,-1575.7000000000012
279,883,-426.10000000000036,-629.3000000000033,-603.9999999999995,-1659.4000000000033
281,837,-395.20000000000067,-571.5000000000051,-564.5999999999973,-1531.300000000003
282,866,-420.5000000000012,-621.0000000000067,-578.4999999999983,-1620.0000000000064
283,861,-409.6000000000006,-594.8000000000058,-591.3999999999974,-1595.8000000000038
284,884,-445.1000000000011,-615.8000000000034,-618.499999999998,-1679.4000000000024
285,759,-386.40000000000146,-541.8000000000047,-533.3999999999979,-1461.600000000004
286,807,-386.00000000000006,-568.9000000000054,-542.1999999999967,-1497.1000000000022
287,815,-388.2,-562.5000000000052,-553.1999999999964,-1503.9000000000017
288,870,-396.60000000000025,-603.5000000000045,-602.6999999999985,-1602.8000000000034
289,834,-406.50000000000176,-614.9000000000067,-570.6999999999972,-1592.1000000000058
291,773,-366.1,-572.0000000000053,-534.1999999999956,-1472.300000000001
292,798,-376.40000000000043,-562.8000000000052,-552.6999999999957,-1491.9000000000015
293,949,-442.8999999999996,-670.6000000000016,-682.4000000000051,-1795.9000000000062
294,791,-400.1000000000011,-568.5000000000058,-556.7999999999962,-1525.4000000000033
295,860,-397.10000000000025,-663.5000000000082,-599.8999999999972,-1660.500000000006
296,908,-455.000000000002,-681.8000000000077,-627.5000000000001,-1764.3000000000097
297,792,-379.8000000000001,-538.300000000005,-546.6999999999955,-1464.8000000000006
298,816,-426.6000000000012,-605.6000000000053,-568.0999999999999,-1600.3000000000063
299,884,-427.4000000000006,-610.4000000000034,-607.6999999999985,-1645.5000000000025
301,846,-417.0999999999998,-605.000000000006,-583.0999999999973,-1605.200000000003
302,748,-366.1000000000005,-498.50000000000404,-506.4999999999952,-1371.0999999999997
303,904,-433.80000000000103,-630.0000000000032,-638.6999999999997,-1702.500000000004
304,866,-421.30000000000064,-627.900000000007,-600.099999999998,-1649.3000000000056
305,825,-411.4000000000016,-623.7000000000068,-574.999999999998,-1610.1000000000063
306,826,-419.7000000000016,-657.5000000000084,-559.8999999999977,-1637.1000000000076
307,891,-440.20000000000107,-634.7000000000061,-596.4,-1671.300000000007
308,784,-361.9,-547.9000000000049,-527.4999999999947,-1437.2999999999995
309,797,-402.1000000000013,-610.7000000000068,-552.3999999999954,-1565.2000000000035
311,807,-401.5000000000013,-601.8000000000053,-547.7999999999968,-1551.1000000000033
312,874,-406.69999999999936,-643.600000000007,-608.6999999999981,-1659.0000000000045
313,918,-459.6000000000021,-652.8000000000063,-615.3000000000012,-1727.7000000000098
314,787,-396.700000000001,-557.1000000000055,-525.5999999999951,-1479.4000000000017
315,884,-402.69999999999925,-653.7000000000071,-623.4999999999984,-1679.9000000000049
316,767,-398.3000000000017,-523.2000000000044,-539.3999999999963,-1460.9000000000024
317,861,-436.20000000000147,-626.9000000000046,-579.7999999999988,-1642.9000000000049
318,788,-370.70000000000084,-522.0000000000042,-536.699999999996,-1429.400000000001
319,821,-455.9000000000018,-586.1000000000059,-552.5999999999973,-1594.600000000005
321,828,-430.70000000000215,-622.7000000000071,-562.299999999998,-1615.700000000007
322,789,-428.4000000000019,-566.9000000000053,-531.1999999999957,-1526.500000000003
323,892,-398.5999999999997,-619.2000000000033,-602.4999999999994,-1620.3000000000025
324,869,-446.20000000000147,-626.6000000000021,-584.9999999999984,-1657.800000000002
325,882,-433.7000000000012,-619.9000000000053,-586.2999999999989,-1639.9000000000055
326,915,-415.7999999999988,-639.5000000000015,-618.9999999999998,-1674.3
327,844,-391.19999999999953,-589.800000000002,-585.6999999999979,-1566.6999999999994
328,825,-409.70000000000124,-589.0000000000061,-555.3999999999976,-1554.100000000005
329,832,-422.8000000000012,-616.3000000000065,-557.6999999999973,-1596.800000000005
331,790,-400.00000000000176,-557.2000000000037,-533.0999999999959,-1490.3000000000015
332,881,-408.89999999999975,-620.8000000000054,-612.800000000003,-1642.5000000000082
333,856,-402.80000000000007,-626.0000000000061,-592.2999999999975,-1621.1000000000035
334,893,-466.40000000000066,-650.1000000000072,-599.6000000000003,-1716.100000000008
335,879,-438.3000000000002,-630.5000000000068,-594.5999999999996,-1663.4000000000065
336,891,-421.70000000000033,-623.4000000000065,-604.599999999999,-1649.7000000000057
337,928,-426.2000000000004,-654.8000000000072,-645.2999999999994,-1726.300000000007
338,877,-414.49999999999983,-597.4000000000018,-621.7999999999985,-1633.7000000000003
339,788,-399.30000000000126,-535.1000000000049,-529.0999999999957,-1463.5000000000018
341,812,-389.8999999999996,-552.3000000000039,-552.0999999999965,-1494.3
342,895,-451.20000000000203,-652.5000000000053,-616.9999999999993,-1720.7000000000066
343,805,-386.6000000000007,-565.8000000000053,-552.9999999999953,-1505.4000000000015
344,781,-374.7000000000006,-547.300000000005,-541.1999999999956,-1463.2000000000012
345,808,-379.7000000000007,-564.0000000000048,-555.0999999999959,-1498.8000000000015
346,845,-391.59999999999934,-586.3000000000029,-586.5999999999977,-1564.5
347,835,-392.6999999999998,-582.9000000000029,-572.3999999999982,-1548.000000000001
348,890,-422.70000000000033,-653.4000000000032,-619.899999999999,-1696.0000000000025
349,800,-409.4000000000017,-564.3000000000051,-559.099999999996,-1532.800000000003
351,765,-351.5999999999999,-513.9000000000038,-522.7999999999953,-1388.299999999999
352,810,-385.1000000000007,-559.0000000000026,-563.899999999996,-1507.9999999999993
353,901,-470.50000000000193,-635.8000000000045,-613.400000000001,-1719.7000000000075
354,780,-404.400000000001,-532.4000000000049,-542.0999999999957,-1478.9000000000015
355,840,-378.300000000001,-584.8000000000034,-570.2999999999984,-1533.4000000000028
356,857,-447.20000000000186,-632.5000000000074,-580.5999999999982,-1660.3000000000075
357,810,-405.0000000000009,-548.5000000000047,-543.6999999999967,-1497.2000000000023
358,835,-436.3000000000021,-637.3000000000076,-563.1999999999979,-1636.8000000000075
359,917,-462.50000000000165,-656.4000000000048,-620.2000000000002,-1739.1000000000067
361,757,-364.4000000000007,-496.9000000000038,-531.1999999999963,-1392.500000000001
362,802,-368.5000000000002,-567.0000000000025,-546.099999999996,-1481.5999999999988
363,820,-411.40000000000094,-585.7000000000057,-551.0999999999971,-1548.200000000004
364,726,-349.90000000000015,-489.10000000000394,-501.8999999999959,-1340.9
365,848,-413.6999999999997,-614.1000000000065,-584.6999999999973,-1612.5000000000034
366,910,-413.89999999999947,-644.2000000000053,-622.6999999999996,-1680.8000000000043
367,899,-425.39999999999986,-640.8000000000063,-616.7999999999986,-1683.0000000000048
368,936,-435.2000000000015,-720.4000000000091,-642.9000000000002,-1798.500000000011
369,827,-403.0999999999996,-595.1000000000058,-553.5999999999972,-1551.8000000000027
371,798,-382.00000000000006,-563.700000000006,-533.6999999999961,-1479.400000000002
372,794,-395.2000000000005,-557.8000000000047,-541.8999999999968,-1494.900000000002
373,876,-427.50000000000114,-615.5000000000063,-602.8999999999977,-1645.900000000005
374,868,-424.8000000000007,-622.3000000000067,-605.099999999998,-1652.2000000000053
375,893,-422.6000000000006,-610.1000000000013,-616.5999999999987,-1649.3000000000006
376,902,-430.2000000000011,-653.5000000000051,-610.5000000000001,-1694.2000000000062
377,806,-381.4000000000003,-531.1000000000041,-560.499999999996,-1473.0000000000005
378,872,-413.8000000000022,-627.8000000000037,-603.2999999999987,-1644.9000000000046
379,886,-417.50000000000085,-610.0000000000059,-605.8999999999987,-1633.4000000000055
381,808,-367.39999999999947,-545.4000000000054,-564.2999999999961,-1477.100000000001
382,815,-371.4999999999995,-576.7000000000028,-565.9999999999966,-1514.199999999999
383,754,-346.89999999999986,-493.80000000000376,-518.2999999999957,-1358.9999999999995
384,862,-434.20000000000067,-633.1000000000066,-596.6999999999977,-1664.000000000005
385,811,-395.2000000000013,-555.8000000000036,-545.399999999997,-1496.400000000002
386,879,-427.3000000000001,-629.5000000000047,-614.7999999999988,-1671.6000000000035
387,843,-396.80000000000035,-609.6000000000068,-590.5999999999963,-1597.0000000000034
388,819,-384.9000000000009,-593.9000000000061,-570.7999999999959,-1549.6000000000029
389,877,-430.600000000001,-629.0000000000067,-586.7999999999986,-1646.4000000000062
391,790,-372.5000000000011,-554.7000000000053,-533.2999999999954,-1460.5000000000018
392,915,-422.4000000000001,-673.8000000000079,-614.2000000000004,-1710.4000000000083
393,793,-365.29999999999933,-565.3000000000054,-541.9999999999955,-1472.6000000000001
394,876,-410.7000000000002,-624.8000000000036,-603.8999999999982,-1639.400000000002
395,837,-414.9000000000014,-583.2000000000058,-554.999999999997,-1553.1000000000042
396,760,-375.49999999999994,-529.6000000000047,-531.8999999999961,-1437.000000000001
397,799,-390.10000000000076,-596.4000000000065,-541.9999999999966,-1528.5000000000039
398,872,-431.5000000000011,-641.7000000000063,-604.4999999999985,-1677.7000000000057
399,871,-432.70000000000107,-608.8000000000061,-601.7999999999981,-1643.3000000000054
401,865,-403.5999999999998,-616.4000000000037,-616.1999999999983,-1636.2000000000019
402,816,-382.29999999999984,-562.5000000000025,-568.4999999999967,-1513.299999999999
403,803,-361.1000000000002,-588.100000000006,-539.9999999999959,-1489.200000000002
404,913,-421.8999999999997,-627.8000000000014,-632.5999999999998,-1682.300000000001
405,852,-435.0000000000005,-627.2000000000028,-582.6999999999992,-1644.9000000000024
406,901,-416.8000000000004,-691.9000000000087,-622.1999999999996,-1730.9000000000087
407,797,-388.9000000000003,-586.2000000000063,-553.9999999999953,-1529.100000000002
408,888,-422.8000000000007,-631.600000000006,-597.3,-1651.7000000000066
409,831,-399.40000000000043,-580.3000000000021,-575.1999999999975,-1554.9
411,803,-391.7000000000007,-552.2000000000045,-562.3999999999968,-1506.300000000002
412,863,-406.8999999999994,-620.6000000000032,-584.9999999999984,-1612.5000000000011
413,869,-442.9000000000023,-655.3000000000051,-585.3999999999986,-1683.6000000000058
414,938,-549.7000000000047,-673.0000000000038,-655.7000000000012,-1878.4000000000096
415,872,-458.500000000002,-631.1000000000067,-590.4999999999999,-1680.1000000000085
416,876,-449.7000000000032,-593.1000000000032,-588.499999999999,-1631.3000000000052
417,745,-382.2000000000005,-502.4000000000041,-520.7999999999963,-1405.400000000001
418,756,-365.59999999999997,-503.4000000000041,-521.899999999996,-1390.9
419,884,-409.0999999999992,-626.8000000000046,-611.0999999999995,-1647.0000000000032
421,797,-372.9000000000001,-531.4000000000045,-546.599999999997,-1450.9000000000015
422,865,-473.20000000000323,-615.3000000000054,-598.3999999999993,-1686.9000000000078
423,782,-381.20000000000016,-536.6000000000043,-525.2999999999955,-1443.1
424,903,-424.19999999999993,-651.9000000000058,-628.6000000000008,-1704.7000000000066
425,893,-435.7000000000005,-644.8000000000038,-635.6000000000014,-1716.1000000000058
426,875,-433.9000000000004,-634.0000000000068,-587.199999999999,-1655.1000000000063
427,822,-380.4999999999983,-598.9000000000013,-571.4999999999968,-1550.8999999999965
428,876,-462.8000000000023,-607.1000000000031,-610.6999999999982,-1680.6000000000035
429,874,-466.500000000003,-605.9000000000054,-609.0999999999982,-1681.5000000000068
431,823,-419.70000000000226,-582.0000000000058,-564.9999999999969,-1566.7000000000048
432,781,-404.70000000000067,-565.6000000000026,-549.9999999999976,-1520.300000000001
433,802,-381.10000000000093,-579.3000000000062,-549.4999999999952,-1509.9000000000024
434,772,-394.80000000000115,-550.2000000000055,-520.8999999999951,-1465.9000000000017
435,788,-374.1000000000004,-527.4000000000041,-536.8999999999963,-1438.400000000001
436,744,-351.0,-501.60000000000446,-507.6999999999954,-1360.2999999999997
437,764,-420.9000000000022,-585.6000000000064,-519.0999999999948,-1525.6000000000035
438,820,-406.2000000000008,-538.8000000000039,-553.0999999999965,-1498.1000000000013
439,902,-430.6000000000013,-662.4000000000077,-623.2999999999996,-1716.3000000000088
441,748,-377.40000000000157,-512.1000000000042,-522.6999999999963,-1412.200000000002
442,861,-426.80000000000086,-626.9000000000043,-580.3999999999988,-1634.100000000004
443,928,-456.10000000000167,-695.5000000000081,-622.7000000000014,-1774.300000000011
444,900,-404.1000000000005,-626.9000000000033,-640.8999999999986,-1671.9000000000024
445,758,-349.9000000000011,-521.1000000000047,-522.4999999999959,-1393.5000000000018
446,851,-436.9000000000009,-602.6000000000059,-567.999999999998,-1607.5000000000048
447,866,-397.8000000000006,-626.2000000000069,-599.6999999999987,-1623.7000000000062
448,923,-519.5999999999987,-695.6000000000038,-681.0000000000042,-1896.2000000000066
449,850,-416.1000000000017,-621.2000000000068,-572.0999999999984,-1609.400000000007
451,809,-422.1000000000014,-573.5000000000058,-549.3999999999974,-1545.0000000000045
452,771,-352.0000000000004,-496.20000000000397,-521.1999999999949,-1369.3999999999992
453,829,-410.20000000000044,-578.8000000000044,-560.1999999999977,-1549.2000000000025
454,786,-391.0000000000007,-552.0000000000052,-542.8999999999957,-1485.9000000000015
455,773,-370.9000000000006,-540.9000000000051,-521.3999999999951,-1433.2000000000007
456,842,-414.5000000000013,-607.700000000004,-588.2999999999968,-1610.500000000002
457,823,-393.60000000000076,-579.800000000006,-566.3999999999963,-1539.800000000003
458,768,-358.00000000000045,-527.0000000000049,-525.0999999999954,-1410.1000000000008
459,885,-441.99999999999994,-627.8000000000068,-608.599999999998,-1678.4000000000046
461,915,-436.9000000000001,-681.600000000008,-637.2000000000006,-1755.700000000009
462,888,-408.7000000000006,-673.9000000000085,-596.0999999999995,-1678.7000000000085
463,820,-394.00000000000136,-545.7000000000041,-546.499999999997,-1486.2000000000025
464,842,-379.1999999999998,-564.6000000000024,-573.0999999999971,-1516.8999999999992
465,836,-376.7000000000001,-583.3000000000059,-580.2999999999963,-1540.3000000000022
466,832,-379.1999999999986,-577.0000000000055,-561.0999999999968,-1517.300000000001
467,864,-450.10000000000235,-620.6000000000045,-595.6999999999978,-1666.4000000000046
468,817,-390.7000000000014,-567.6000000000059,-551.5999999999963,-1509.9000000000037
469,841,-391.20000000000084,-568.9000000000036,-576.9999999999965,-1537.1000000000008
471,864,-460.600000000003,-608.0000000000059,-580.2999999999986,-1648.9000000000076
472,745,-369.3000000000014,-525.7000000000049,-529.5999999999964,-1424.6000000000026
473,749,-356.70000000000016,-490.90000000000333,-511.5999999999956,-1359.1999999999991
474,816,-392.00000000000165,-558.5000000000036,-544.6999999999965,-1495.2000000000016
475,820,-386.2000000000002,-596.1000000000053,-567.4999999999977,-1549.8000000000031
476,820,-402.30000000000047,-586.4000000000057,-568.8999999999968,-1557.600000000003
477,762,-372.90000000000003,-523.1000000000048,-539.2999999999969,-1435.3000000000015
478,769,-348.40000000000066,-529.6000000000046,-532.9999999999962,-1411.0000000000014
479,847,-386.79999999999967,-597.2000000000014,-614.399999999999,-1598.4
481,881,-431.6000000000012,-630.600000000004,-607.7999999999988,-1670.000000000004
482,869,-402.40000000000026,-599.3000000000045,-608.1999999999973,-1609.9000000000021
483,855,-401.1999999999992,-649.6000000000075,-594.799999999998,-1645.600000000005
484,833,-411.5000000000012,-635.500000000008,-563.199999999998,-1610.200000000007
485,934,-464.4000000000014,-657.2000000000043,-641.3000000000015,-1762.9000000000071
486,884,-402.4000000000011,-621.3000000000062,-585.6999999999986,-1609.400000000006
487,847,-410.600000000001,-573.8000000000026,-569.5999999999975,-1554.000000000001
488,742,-356.7000000000003,-516.7000000000049,-504.89999999999526,-1378.3000000000004
489,828,-373.100000000001,-586.3000000000056,-575.8999999999959,-1535.3000000000025
491,816,-373.6000000000004,-560.8000000000056,-546.6999999999971,-1481.100000000003
492,868,-397.0999999999995,-627.8000000000062,-594.4999999999983,-1619.4000000000042
493,841,-406.70000000000147,-607.300000000004,-582.7999999999971,-1596.8000000000025
494,799,-364.3000000000003,-551.800000000005,-544.7999999999962,-1460.9000000000015
495,796,-378.0000000000009,-571.6000000000054,-543.2999999999957,-1492.900000000002
496,822,-383.50000000000176,-548.3000000000033,-550.2999999999973,-1482.1000000000022
497,821,-393.70000000000067,-549.700000000005,-545.5999999999967,-1489.0000000000025
498,845,-441.90000000000225,-584.9000000000029,-579.199999999999,-1606.000000000004
499,817,-380.79999999999995,-589.2000000000055,-578.5999999999963,-1548.6000000000017
501,750,-363.00000000000017,-496.6000000000045,-518.8999999999958,-1378.5000000000005
502,771,-372.1000000000007,-520.4000000000041,-524.9999999999962,-1417.500000000001
503,799,-391.6000000000018,-533.5000000000032,-567.7999999999968,-1492.9000000000017
504,907,-467.8000000000033,-628.4000000000045,-610.2,-1706.4000000000078
505,820,-386.20000000000033,-578.7000000000057,-564.4999999999972,-1529.4000000000033
506,811,-404.6000000000019,-632.7000000000075,-574.1999999999961,-1611.5000000000055
507,855,-400.90000000000026,-603.900000000006,-572.599999999998,-1577.4000000000042
508,833,-394.3000000000008,-582.100000000004,-584.5999999999972,-1561.000000000002
509,780,-367.2000000000008,-538.4000000000035,-539.8999999999969,-1445.5000000000011
511,892,-424.50000000000153,-629.7000000000063,-613.0999999999991,-1667.300000000007
512,796,-389.00000000000034,-551.7000000000052,-552.2999999999959,-1493.0000000000014
513,796,-382.00000000000136,-526.3000000000044,-534.499999999996,-1442.8000000000018
514,832,-393.7000000000001,-598.7000000000058,-585.8999999999977,-1578.3000000000038
515,946,-459.3000000000003,-670.0000000000024,-649.1000000000016,-1778.4000000000042
516,798,-382.09999999999974,-553.9000000000043,-538.099999999996,-1474.1000000000001
517,927,-430.80000000000035,-702.9000000000027,-649.200000000001,-1782.900000000004
518,727,-360.5000000000012,-464.90000000000254,-493.9999999999956,-1319.3999999999994
519,881,-406.9999999999991,-620.4000000000055,-613.3999999999997,-1640.8000000000043
521,782,-378.80000000000126,-540.6000000000049,-537.2999999999956,-1456.7000000000019
522,849,-433.0000000000019,-600.7000000000021,-584.799999999998,-1618.5000000000018
523,806,-398.30000000000217,-532.2000000000033,-538.0999999999956,-1468.600000000001
524,828,-398.4000000000015,-579.5000000000023,-580.4999999999958,-1558.3999999999996
525,848,-402.5000000000004,-574.7000000000054,-592.2999999999976,-1569.5000000000032
526,919,-447.5000000000007,-690.300000000008,-638.4000000000001,-1776.200000000009
527,829,-400.8000000000016,-582.0000000000053,-554.3999999999974,-1537.2000000000044
528,797,-377.5000000000004,-550.6000000000054,-535.7999999999962,-1463.900000000002
529,758,-356.30000000000047,-527.5000000000042,-534.0999999999967,-1417.9000000000015
531,890,-427.3999999999997,-641.5000000000069,-611.0999999999984,-1680.000000000005
532,853,-410.8000000000008,-597.1000000000028,-596.999999999999,-1604.9000000000024
533,768,-401.80000000000194,-538.300000000005,-518.4999999999952,-1458.6000000000022
534,842,-423.8000000000004,-596.8000000000048,-594.3000000000012,-1614.9000000000065
535,920,-457.60000000000093,-694.700000000008,-636.7000000000007,-1789.0000000000095
536,886,-398.99999999999955,-624.2000000000062,-621.6999999999992,-1644.900000000005
537,780,-400.3000000000018,-540.9000000000037,-527.899999999996,-1469.1000000000015
538,925,-460.900000000002,-674.000000000005,-640.6000000000005,-1775.5000000000073
539,881,-428.2000000000022,-653.8000000000072,-590.7999999999994,-1672.8000000000088
541,845,-415.0000000000017,-566.3000000000021,-589.3999999999963,-1570.7000000000003
542,844,-398.7999999999992,-615.3000000000063,-599.4999999999964,-1613.600000000002
543,846,-429.00000000000136,-570.7000000000029,-574.4999999999985,-1574.2000000000028
544,831,-409.7000000000008,-598.1000000000057,-616.8000000000009,-1624.6000000000074
545,878,-432.70000000000135,-625.400000000002,-599.7000000000006,-1657.8000000000038
546,856,-426.1000000000014,-578.6000000000032,-571.4999999999983,-1576.200000000003
547,796,-359.9000000000001,-572.9000000000057,-536.6999999999963,-1469.500000000002
548,851,-388.00000000000034,-637.0000000000073,-574.9999999999981,-1600.000000000006
549,843,-389.1999999999999,-597.0000000000059,-596.9999999999967,-1583.2000000000025
551,803,-399.8000000000009,-570.2000000000054,-540.3999999999962,-1510.4000000000026
552,751,-351.70000000000005,-502.9000000000042,-503.5999999999948,-1358.199999999999
553,786,-359.6999999999995,-524.8000000000045,-538.4999999999955,-1422.9999999999995
554,760,-363.80000000000086,-533.4000000000053,-507.4999999999943,-1404.7000000000005
555,812,-427.90000000000197,-575.4000000000055,-549.6999999999971,-1553.0000000000045
556,931,-421.4999999999986,-687.3000000000056,-631.600000000001,-1740.4000000000053
557,885,-402.5,-624.9000000000049,-614.7999999999979,-1642.2000000000028
558,827,-428.60000000000196,-615.4000000000071,-555.9999999999973,-1600.0000000000064
559,850,-387.399999999999,-610.700000000006,-574.4999999999977,-1572.6000000000026
561,867,-401.9000000000007,-643.100000000007,-603.3999999999979,-1648.4000000000055
562,858,-382.19999999999993,-581.7000000000057,-581.4999999999977,-1545.4000000000033
563,907,-433.0000000000015,-663.7000000000066,-604.9999999999999,-1701.700000000008
564,876,-405.6000000000006,-635.8000000000068,-613.8999999999977,-1655.3000000000052
565,750,-363.00000000000006,-522.6000000000047,-519.0999999999956,-1404.7000000000003
566,830,-396.39999999999947,-604.5000000000034,-590.6999999999988,-1591.6000000000017
567,908,-427.1000000000013,-651.2000000000038,-629.0999999999991,-1707.4000000000042
568,817,-399.60000000000144,-613.6000000000041,-562.9999999999964,-1576.2000000000019
569,892,-433.60000000000036,-629.0000000000038,-598.7000000000004,-1661.3000000000043
571,863,-385.00000000000045,-595.7000000000019,-587.9999999999985,-1568.7000000000007
572,863,-396.89999999999935,-627.7000000000039,-609.7999999999972,-1634.4000000000005
573,813,-379.29999999999944,-595.6000000000046,-563.9999999999966,-1538.9000000000005
574,810,-370.50000000000006,-553.2000000000035,-554.4999999999957,-1478.1999999999991
575,866,-406.20000000000056,-606.4000000000059,-579.2999999999986,-1591.900000000005
576,880,-417.49999999999915,-621.9000000000038,-630.500000000002,-1669.900000000005
577,858,-398.09999999999997,-632.9000000000069,-596.0999999999967,-1627.1000000000035
578,744,-358.90000000000055,-509.90000000000435,-500.8999999999951,-1369.7
579,780,-357.5,-532.0000000000042,-536.8999999999955,-1426.3999999999996
581,911,-513.7000000000039,-659.5000000000048,-615.8000000000012,-1789.00000000001
582,884,-419.100000000001,-617.000000000004,-608.0999999999987,-1644.2000000000035
583,786,-376.20000000000067,-515.6000000000039,-526.2999999999953,-1418.1
584,856,-404.00000000000006,-608.5000000000065,-573.6999999999986,-1586.2000000000053
585,902,-451.90000000000157,-634.5000000000068,-601.7000000000004,-1688.1000000000085
586,837,-371.4000000000003,-560.5000000000051,-572.1999999999966,-1504.1000000000022
587,853,-401.30000000000047,-608.9000000000068,-584.799999999997,-1595.0000000000043
588,831,-391.69999999999976,-605.4000000000062,-570.9999999999964,-1568.1000000000024
589,786,-384.4000000000005,-554.4000000000044,-533.2999999999962,-1472.1000000000013
591,823,-372.2000000000005,-584.2000000000063,-545.7999999999967,-1502.2000000000035
592,870,-407.9999999999999,-609.500000000005,-609.2999999999981,-1626.800000000003
593,846,-385.3999999999995,-597.1000000000062,-585.4999999999964,-1568.000000000002
594,825,-389.4000000000012,-555.300000000005,-568.1999999999954,-1512.9000000000015
595,861,-433.600000000002,-632.8000000000068,-584.5999999999985,-1651.0000000000073
596,793,-390.300000000002,-561.0000000000041,-544.9999999999952,-1496.3000000000013
597,882,-421.70000000000164,-602.2000000000005,-613.099999999999,-1637.0000000000011
598,839,-383.8000000000007,-564.300000000005,-558.9999999999975,-1507.100000000003
599,802,-371.100000000001,-538.3000000000043,-538.0999999999955,-1447.500000000001
601,883,-434.0000000000013,-617.2000000000062,-586.399999999999,-1637.6000000000065
602,861,-418.2999999999993,-624.7000000000062,-626.7999999999976,-1669.800000000003
603,917,-420.30000000000007,-668.0000000000041,-640.0000000000001,-1728.3000000000043
604,822,-414.50000000000193,-579.400000000006,-552.8999999999972,-1546.8000000000052
605,945,-492.9000000000019,-723.5000000000027,-685.4000000000051,-1901.8000000000097
606,813,-413.3000000000021,-549.6000000000046,-549.9999999999975,-1512.9000000000042
607,854,-437.20000000000084,-638.2000000000038,-598.7000000000005,-1674.1000000000051
608,837,-448.6000000000008,-596.4000000000028,-592.7999999999968,-1637.8000000000004
609,863,-431.0000000000021,-656.9000000000051,-592.7999999999985,-1680.7000000000057
611,725,-378.60000000000207,-473.6000000000031,-495.3999999999954,-1347.6000000000006
612,868,-402.20000000000033,-637.4000000000078,-594.699999999999,-1634.300000000007
613,991,-576.2000000000016,-768.3000000000009,-732.8000000000053,-2077.300000000008
614,779,-391.5000000000017,-541.8000000000048,-521.999999999995,-1455.3000000000015
615,837,-395.0000000000003,-582.3000000000052,-585.9999999999968,-1563.3000000000022
616,819,-430.20000000000215,-586.6000000000066,-549.5999999999968,-1566.4000000000055
617,776,-387.4000000000017,-553.0000000000056,-522.0999999999951,-1462.5000000000023
618,838,-458.6000000000016,-597.400000000006,-592.3000000000005,-1648.3000000000084
619,810,-385.9000000000014,-592.9000000000063,-544.6999999999969,-1523.5000000000045
621,813,-399.3000000000007,-569.3000000000054,-543.9999999999964,-1512.6000000000024
622,824,-398.30000000000103,-537.8000000000046,-546.8999999999965,-1483.000000000002
623,859,-407.20000000000016,-622.0000000000063,-591.3999999999977,-1620.600000000004
624,794,-380.3000000000016,-553.7000000000052,-530.0999999999955,-1464.1000000000022
625,733,-359.40000000000146,-493.7000000000042,-493.5999999999951,-1346.7000000000007
626,794,-385.80000000000115,-547.600000000005,-531.0999999999956,-1464.5000000000018
627,857,-387.49999999999966,-592.8000000000061,-599.9999999999998,-1580.3000000000056
628,752,-352.2999999999991,-508.2000000000043,-528.0999999999967,-1388.6000000000001
629,915,-504.20000000000067,-738.3000000000069,-641.6000000000043,-1884.1000000000117
631,875,-393.10000000000014,-588.0000000000052,-618.1999999999977,-1599.300000000003
632,785,-391.90000000000197,-548.5000000000055,-526.1999999999954,-1466.6000000000026
633,772,-354.80000000000064,-546.7000000000053,-522.8999999999947,-1424.4000000000005
634,834,-394.9000000000001,-579.2000000000054,-580.699999999997,-1554.8000000000025
635,796,-381.5,-554.300000000005,-551.8999999999974,-1487.7000000000023
636,812,-391.3999999999998,-520.600000000004,-541.0999999999963,-1453.1000000000001
637,749,-369.7000000000011,-479.0000000000035,-513.199999999995,-1361.8999999999996
638,888,-441.50000000000057,-648.9000000000067,-612.4999999999983,-1702.9000000000055
639,855,-480.20000000000033,-632.1000000000063,-586.3999999999994,-1698.700000000006
641,751,-362.40000000000055,-532.9000000000046,-508.799999999995,-1404.1000000000001
642,880,-450.10000000000196,-651.5000000000075,-592.4999999999999,-1694.1000000000095
643,898,-450.4000000000014,-660.0999999999989,-632.300000000003,-1742.8000000000034
644,722,-352.90000000000094,-488.5000000000035,-489.6999999999955,-1331.1
645,893,-403.4000000000003,-593.5000000000045,-599.7999999999997,-1596.7000000000046
646,843,-392.9,-586.6000000000054,-576.9999999999981,-1556.5000000000034
647,770,-389.200000000002,-534.5000000000035,-529.2999999999957,-1453.0000000000014
648,802,-358.9999999999989,-586.9000000000063,-544.0999999999966,-1490.0000000000018
649,889,-430.5999999999999,-612.0000000000047,-626.3999999999982,-1669.0000000000027
651,830,-410.0000000000022,-558.2000000000045,-567.8999999999968,-1536.1000000000035
652,791,-390.4000000000011,-554.9000000000042,-532.5999999999959,-1477.9000000000012
653,870,-396.00000000000017,-625.9000000000066,-603.4999999999981,-1625.4000000000046
654,899,-426.3000000000009,-631.0000000000065,-603.9999999999999,-1661.3000000000075
655,767,-366.9,-505.10000000000423,-519.7999999999956,-1391.7999999999997
656,875,-451.90000000000197,-614.3000000000044,-619.2,-1685.4000000000065
657,767,-372.6000000000006,-516.100000000005,-511.3999999999943,-1400.1
658,809,-384.20000000000147,-547.8000000000053,-546.3999999999959,-1478.4000000000028
659,798,-388.10000000000053,-534.4000000000048,-541.0999999999952,-1463.6000000000004
661,861,-402.99999999999983,-580.3000000000036,-604.3999999999976,-1587.700000000001
662,830,-414.60000000000144,-594.0000000000039,-565.8999999999966,-1574.5000000000018
663,814,-412.20000000000186,-587.9000000000032,-549.4999999999972,-1549.6000000000022
664,845,-418.59999999999974,-617.1000000000046,-583.1999999999991,-1618.9000000000035
665,917,-428.40000000000134,-669.3000000000044,-625.2000000000006,-1722.9000000000065
666,929,-446.2000000000011,-646.2000000000035,-637.0000000000006,-1729.400000000005
667,814,-406.9000000000014,-563.9000000000055,-542.6999999999964,-1513.5000000000034
668,732,-355.10000000000025,-509.70000000000425,-503.69999999999555,-1368.5
669,807,-415.30000000000183,-572.7000000000053,-541.3999999999962,-1529.4000000000033
671,907,-445.5000000000008,-682.6000000000081,-605.6,-1733.700000000009
672,827,-383.40000000000043,-573.6000000000056,-565.3999999999966,-1522.4000000000026
673,823,-382.20000000000084,-569.3000000000044,-558.9999999999962,-1510.5000000000014
674,885,-402.40000000000043,-605.6000000000031,-610.9999999999976,-1619.0000000000011
675,855,-440.50000000000216,-623.5000000000068,-570.3999999999978,-1634.400000000007
676,863,-393.8999999999995,-586.9000000000043,-593.5999999999983,-1574.4000000000021
677,793,-404.1000000000012,-555.2000000000053,-531.7999999999957,-1491.1000000000022
678,823,-396.30000000000166,-599.4000000000042,-563.3999999999967,-1559.1000000000026
679,873,-423.20000000000056,-610.5000000000036,-608.9999999999984,-1642.7000000000025
681,875,-404.9999999999992,-594.0000000000011,-595.599999999999,-1594.5999999999995
682,905,-503.5000000000021,-676.7000000000047,-648.0000000000024,-1828.2000000000094
683,785,-397.39999999999964,-547.2000000000021,-530.5999999999962,-1475.199999999998
684,839,-414.1999999999996,-617.3000000000069,-579.7999999999971,-1611.3000000000034
685,854,-398.3000000000003,-592.8000000000063,-566.2999999999978,-1557.4000000000044
686,852,-429.4000000000011,-581.6000000000048,-572.6999999999981,-1583.700000000004
687,906,-428.90000000000083,-674.600000000008,-613.3000000000008,-1716.8000000000097
688,720,-359.80000000000115,-495.40000000000435,-491.8999999999953,-1347.1000000000008
689,815,-384.50000000000045,-552.3000000000038,-551.5999999999976,-1488.400000000002
691,854,-389.4000000000004,-592.7000000000049,-575.6999999999979,-1557.8000000000034
692,852,-389.70000000000016,-588.0000000000059,-565.2999999999973,-1543.0000000000034
693,800,-370.999999999999,-538.8000000000048,-540.2999999999969,-1450.1000000000008
694,897,-432.2000000000014,-639.1000000000026,-622.9999999999998,-1694.3000000000038
695,845,-396.2000000000012,-571.9000000000052,-569.1999999999967,-1537.3000000000031
696,899,-446.0000000000005,-651.6000000000046,-626.9999999999987,-1724.600000000004
697,869,-438.80000000000143,-602.200000000006,-579.1999999999983,-1620.2000000000057
698,843,-428.5000000000019,-634.0000000000076,-582.3999999999975,-1644.900000000007
699,874,-437.3000000000017,-635.4000000000067,-586.0999999999988,-1658.8000000000072
701,772,-380.90000000000026,-547.0000000000049,-551.0999999999966,-1479.0000000000018
702,848,-424.6000000000014,-638.2000000000074,-571.0999999999984,-1633.9000000000074
703,899,-428.5000000000005,-670.6000000000075,-607.8000000000005,-1706.9000000000087
704,816,-395.2000000000004,-558.6000000000032,-548.499999999997,-1502.3000000000006
705,829,-425.4000000000012,-613.800000000006,-578.799999999997,-1618.000000000004
706,825,-402.1000000000014,-573.100000000002,-568.7999999999963,-1543.9999999999995
707,818,-376.9999999999997,-576.2000000000062,-557.899999999996,-1511.100000000002
708,799,-396.0000000000011,-523.800000000004,-540.599999999996,-1460.4000000000012
709,813,-378.2999999999997,-554.6000000000047,-543.9999999999967,-1476.900000000001
711,811,-380.50000000000085,-550.4000000000049,-538.1999999999961,-1469.1000000000017
712,797,-364.90000000000083,-566.1000000000054,-543.9999999999956,-1475.0000000000018
713,919,-456.4000000000002,-677.7000000000083,-616.8000000000012,-1750.9000000000096
714,799,-391.0000000000007,-543.9000000000028,-548.7999999999965,-1483.7
715,895,-411.9000000000007,-628.9000000000063,-612.9999999999986,-1653.8000000000056
716,832,-378.199999999999,-612.1000000000057,-580.4999999999959,-1570.8000000000006
717,820,-397.8000000000003,-576.300000000003,-572.099999999997,-1546.2000000000003
718,772,-365.90000000000003,-539.600000000005,-530.8999999999955,-1436.4000000000005
719,780,-381.7000000000011,-515.6000000000047,-545.4999999999965,-1442.8000000000025
721,773,-379.70000000000135,-528.0000000000052,-517.5999999999948,-1425.3000000000015
722,838,-385.79999999999933,-598.2000000000055,-571.0999999999983,-1555.100000000003
723,828,-381.0000000000004,-551.5000000000027,-565.2999999999964,-1497.7999999999997
724,895,-457.90000000000197,-670.8000000000078,-604.4000000000004,-1733.1000000000104
725,787,-406.3000000000019,-544.5000000000055,-529.5999999999957,-1480.400000000003
726,868,-441.3000000000017,-604.2000000000035,-597.4999999999986,-1643.0000000000039
727,794,-395.2000000000013,-531.9000000000045,-529.2999999999953,-1456.400000000001
728,818,-367.60000000000065,-563.9000000000051,-574.6999999999967,-1506.2000000000025
729,855,-388.70000000000016,-584.0000000000049,-576.1999999999981,-1548.9000000000033
731,790,-393.8000000000018,-538.800000000005,-532.0999999999959,-1464.7000000000025
732,868,-409.90000000000026,-601.4000000000017,-597.299999999999,-1608.600000000001
733,729,-361.30000000000103,-492.40000000000384,-490.3999999999947,-1344.0999999999995
734,921,-420.10000000000036,-696.0000000000086,-644.1999999999999,-1760.3000000000088
735,835,-435.50000000000216,-597.5000000000064,-563.7999999999978,-1596.8000000000065
736,934,-420.69999999999925,-694.8000000000086,-620.500000000001,-1736.0000000000086
737,898,-454.100000000002,-642.500000000007,-607.9000000000001,-1704.500000000009
738,902,-446.300000000001,-652.1000000000046,-624.699999999999,-1723.1000000000045
739,788,-367.900000000001,-543.5000000000051,-533.6999999999947,-1445.1000000000008
741,854,-416.900000000001,-601.9000000000045,-578.4999999999977,-1597.3000000000034
742,804,-443.8000000000008,-561.4000000000046,-544.8999999999967,-1550.1000000000022
743,894,-453.10000000000196,-632.7000000000014,-630.0999999999983,-1715.9000000000017
744,851,-397.7000000000004,-618.2000000000062,-592.9999999999973,-1608.9000000000037
745,858,-447.7000000000016,-614.2000000000065,-579.2999999999986,-1641.2000000000066
746,878,-421.10000000000065,-630.0000000000068,-603.2999999999988,-1654.4000000000062
747,872,-409.7000000000011,-625.5000000000066,-599.899999999998,-1635.1000000000058
748,852,-392.8000000000006,-586.6000000000055,-581.4999999999975,-1560.9000000000035
749,813,-374.0999999999991,-565.6000000000055,-543.7999999999967,-1483.5000000000014
751,869,-390.6000000000004,-593.9000000000057,-600.999999999998,-1585.500000000004
752,789,-382.90000000000055,-560.7000000000054,-547.1999999999969,-1490.800000000003
753,862,-417.80000000000103,-631.7000000000072,-581.0999999999987,-1630.6000000000067
754,868,-426.59999999999985,-633.2000000000064,-586.6999999999992,-1646.5000000000055
755,826,-381.20000000000124,-580.9000000000054,-563.0999999999975,-1525.2000000000044
756,809,-390.4,-565.8000000000058,-559.5999999999959,-1515.8000000000015
757,790,-392.6000000000014,-528.8000000000046,-536.4999999999948,-1457.9000000000008
758,891,-440.7000000000025,-672.8000000000056,-598.5999999999998,-1712.100000000008
759,758,-366.40000000000026,-506.20000000000414,-535.2999999999969,-1407.9000000000015
761,854,-406.30000000000075,-574.3000000000035,-573.699999999998,-1554.3000000000022
762,814,-377.8999999999987,-584.0000000000053,-548.4999999999968,-1510.400000000001
763,768,-367.1000000000002,-527.1000000000042,-541.0999999999966,-1435.300000000001
764,856,-395.49999999999943,-609.9000000000034,-593.2999999999977,-1598.7000000000005
765,946,-494.40000000000197,-669.1000000000045,-672.1000000000014,-1835.6000000000076
766,794,-379.4000000000011,-566.100000000005,-559.6999999999957,-1505.2000000000019
767,746,-381.0000000000012,-484.9000000000036,-505.8999999999948,-1371.7999999999997
768,780,-383.2000000000014,-517.9000000000041,-535.899999999995,-1437.0000000000005
769,799,-394.6000000000017,-544.6000000000049,-547.9999999999952,-1487.2000000000019
771,822,-392.09999999999974,-577.4000000000057,-556.6999999999971,-1526.2000000000025
772,852,-392.99999999999955,-592.100000000006,-587.6999999999972,-1572.800000000003
773,919,-455.7000000000022,-648.7000000000015,-618.2000000000012,-1722.600000000005
774,852,-388.29999999999995,-592.6000000000058,-582.2999999999987,-1563.2000000000044
775,944,-493.000000000001,-698.5000000000081,-638.900000000002,-1830.400000000011
776,786,-363.8999999999998,-564.4000000000048,-544.6999999999955,-1473.0
777,811,-458.80000000000365,-557.6000000000034,-568.7999999999971,-1585.2000000000044
778,851,-414.1000000000013,-602.7000000000064,-576.3999999999984,-1593.2000000000062
779,790,-355.5999999999999,-520.6000000000043,-532.6999999999949,-1408.8999999999992
781,836,-412.10000000000116,-590.0000000000031,-562.4999999999975,-1564.6000000000017
782,862,-387.5000000000001,-625.8000000000069,-592.699999999998,-1606.000000000005
783,794,-363.39999999999924,-547.000000000004,-534.499999999995,-1444.8999999999983
784,864,-405.0000000000007,-618.3000000000068,-613.8999999999968,-1637.2000000000044
785,850,-398.70000000000044,-561.2000000000029,-593.4999999999967,-1553.4
786,849,-409.6000000000009,-596.6000000000032,-572.9999999999984,-1579.2000000000025
787,875,-451.6000000000015,-611.8000000000052,-608.7999999999993,-1672.200000000006
788,882,-497.90000000000043,-626.300000000001,-616.5000000000023,-1740.7000000000037
789,837,-390.6000000000011,-589.900000000005,-577.1999999999963,-1557.7000000000025
791,775,-376.40000000000106,-512.7000000000037,-519.1999999999945,-1408.2999999999993
792,821,-404.20000000000107,-556.3000000000045,-547.9999999999968,-1508.5000000000023
793,783,-371.60000000000105,-552.2000000000052,-543.3999999999958,-1467.200000000002
794,791,-398.2000000000006,-559.3000000000039,-532.599999999996,-1490.1000000000006
795,834,-417.6000000000006,-596.1000000000022,-602.4999999999984,-1616.2000000000012
796,827,-382.50000000000176,-567.7000000000053,-572.7999999999959,-1523.000000000003
797,895,-411.40000000000043,-625.5000000000061,-618.7999999999986,-1655.700000000005
798,825,-425.90000000000276,-625.9000000000069,-551.5999999999968,-1603.4000000000065
799,806,-398.9000000000017,-543.1000000000046,-553.6999999999965,-1495.7000000000028
801,822,-422.1000000000011,-592.3000000000064,-559.6999999999982,-1574.1000000000058
802,876,-397.69999999999953,-639.9000000000061,-588.0999999999991,-1625.7000000000048
803,835,-418.2000000000007,-600.2000000000061,-596.7999999999994,-1615.2000000000062
804,914,-421.1999999999992,-661.9000000000041,-648.4999999999992,-1731.6000000000026
805,795,-402.1000000000013,-552.7000000000049,-552.5999999999955,-1507.4000000000017
806,816,-381.20000000000067,-552.9000000000054,-556.0999999999964,-1490.2000000000025
807,737,-374.4000000000022,-512.9000000000042,-515.5999999999958,-1402.9000000000021
808,851,-425.8000000000018,-583.9000000000028,-578.399999999999,-1588.1000000000035
809,920,-460.00000000000216,-674.5000000000082,-619.5000000000008,-1754.0000000000114
811,760,-364.0000000000008,-514.7000000000037,-530.2999999999961,-1409.0000000000005
812,864,-479.9000000000024,-601.2000000000056,-598.0999999999996,-1679.2000000000075
813,776,-387.400000000001,-505.90000000000373,-543.4999999999977,-1436.8000000000025
814,892,-482.6000000000036,-632.1000000000042,-605.6999999999991,-1720.400000000007
815,809,-358.89999999999935,-550.1000000000049,-543.9999999999959,-1453.0000000000002
816,892,-407.7,-657.9000000000074,-594.4999999999995,-1660.100000000007
817,813,-377.7000000000003,-561.6000000000041,-568.9999999999962,-1508.3000000000006
818,838,-411.70000000000044,-585.1000000000053,-592.6999999999963,-1589.5000000000018
819,879,-456.1000000000017,-643.8000000000069,-592.5999999999993,-1692.5000000000082
821,941,-477.8000000000031,-687.5000000000051,-662.0000000000003,-1827.3000000000084
822,823,-383.9000000000008,-582.5000000000061,-562.3999999999963,-1528.8000000000034
823,886,-414.3000000000001,-613.0000000000024,-618.0999999999981,-1645.4000000000005
824,885,-440.9000000000018,-656.8000000000052,-593.1999999999995,-1690.9000000000065
825,908,-430.6999999999986,-644.1000000000059,-635.0999999999998,-1709.9000000000042
826,846,-406.80000000000115,-606.3000000000067,-567.6999999999982,-1580.800000000006
827,891,-428.90000000000094,-612.3000000000005,-613.5999999999977,-1654.7999999999993
828,793,-377.30000000000166,-540.9000000000041,-531.5999999999956,-1449.8000000000013
829,844,-412.0000000000019,-569.8000000000026,-563.8999999999982,-1545.7000000000025
831,854,-377.5999999999986,-593.7000000000057,-578.0999999999968,-1549.400000000001
832,813,-373.90000000000043,-576.9000000000055,-543.1999999999965,-1494.0000000000025
833,883,-441.7000000000022,-630.2000000000039,-591.9999999999993,-1663.9000000000053
834,781,-352.3000000000004,-549.8000000000052,-538.3999999999955,-1440.5000000000011
835,835,-402.100000000002,-591.9000000000024,-574.7999999999975,-1568.8000000000018
836,838,-466.2000000000034,-581.3000000000056,-581.4999999999998,-1629.0000000000089
837,788,-395.90000000000134,-583.1000000000064,-530.8999999999955,-1509.9000000000033
838,742,-356.40000000000094,-502.2000000000041,-511.299999999996,-1369.900000000001
839,847,-386.29999999999995,-578.9000000000054,-576.999999999997,-1542.2000000000025
841,819,-413.70000000000243,-580.8000000000027,-570.9999999999978,-1565.500000000003
842,789,-387.0000000000004,-539.300000000005,-551.1999999999958,-1477.5000000000014
843,790,-369.99999999999915,-532.7000000000049,-534.0999999999956,-1436.7999999999997
844,813,-385.60000000000133,-570.5000000000055,-557.9999999999964,-1514.100000000003
845,815,-372.5000000000006,-568.7000000000054,-557.5999999999956,-1498.8000000000015
846,791,-402.90000000000197,-547.4000000000046,-536.5999999999958,-1486.9000000000024
847,928,-525.8000000000011,-727.9000000000029,-699.9000000000063,-1953.6000000000104
848,780,-421.5000000000025,-592.3000000000055,-533.4999999999966,-1547.3000000000047
849,894,-410.3999999999996,-637.0000000000022,-624.0999999999991,-1671.500000000001
851,815,-358.0000000000008,-546.2000000000024,-577.3999999999968,-1481.6
852,885,-447.5000000000025,-642.2000000000071,-601.8,-1691.5000000000095
853,780,-387.0000000000016,-564.8000000000055,-522.6999999999949,-1474.500000000002
854,807,-404.1000000000016,-563.0000000000051,-580.1999999999979,-1547.3000000000047
855,828,-408.2000000000006,-565.1000000000037,-565.6999999999969,-1539.0000000000011
856,836,-417.10000000000184,-602.8000000000064,-562.899999999998,-1582.8000000000063
857,886,-416.40000000000106,-608.2000000000063,-591.8999999999995,-1616.5000000000068
858,865,-436.5000000000014,-634.0000000000045,-591.7999999999981,-1662.300000000004
859,804,-371.70000000000005,-557.1000000000055,-564.0999999999962,-1492.9000000000017
861,841,-439.9000000000018,-598.400000000006,-574.7999999999993,-1613.1000000000072
862,846,-391.70000000000005,-604.6000000000054,-587.299999999997,-1583.6000000000024
863,896,-456.4000000000017,-678.1000000000079,-622.9000000000015,-1757.400000000011
864,887,-451.300000000001,-632.600000000004,-610.6000000000005,-1694.5000000000055
865,948,-470.50000000000114,-703.7000000000082,-648.300000000003,-1822.5000000000123
866,838,-435.400000000001,-607.2000000000065,-583.8999999999976,-1626.5000000000052
867,795,-362.6000000000008,-521.0000000000047,-550.1999999999956,-1433.800000000001
868,828,-436.6000000000016,-609.6000000000059,-576.6999999999996,-1622.9000000000071
869,848,-416.000000000001,-604.8000000000011,-577.4999999999981,-1598.3000000000002
871,944,-457.49999999999943,-714.7000000000047,-697.1000000000071,-1869.300000000011
872,793,-362.80000000000007,-548.4000000000052,-550.5999999999957,-1461.800000000001
873,808,-388.4000000000014,-561.9000000000051,-553.4999999999959,-1503.8000000000025
874,794,-401.30000000000274,-538.1000000000045,-531.0999999999956,-1470.5000000000027
875,913,-441.69999999999885,-684.9000000000061,-650.4000000000043,-1777.000000000009
876,886,-451.700000000002,-600.7000000000056,-600.4999999999998,-1652.9000000000074
877,807,-387.900000000001,-570.2000000000058,-542.5999999999963,-1500.700000000003
878,807,-413.70000000000044,-560.3000000000028,-561.3999999999977,-1535.400000000001
879,802,-388.90000000000083,-555.2000000000053,-538.8999999999962,-1483.0000000000023
881,806,-396.10000000000093,-581.500000000006,-541.0999999999963,-1518.7000000000032
882,820,-419.09999999999985,-606.6000000000013,-587.8999999999969,-1613.599999999998
883,955,-566.8000000000027,-711.7000000000041,-698.0000000000059,-1976.5000000000127
884,891,-420.89999999999964,-603.7000000000025,-623.7999999999996,-1648.400000000002
885,836,-404.5000000000013,-569.2000000000055,-579.6999999999956,-1553.4000000000024
886,836,-428.90000000000225,-602.800000000006,-583.4999999999974,-1615.2000000000057
887,905,-443.60000000000116,-676.2000000000075,-624.3999999999995,-1744.2000000000085
888,782,-364.3000000000011,-540.8000000000045,-533.899999999995,-1439.0000000000005
889,827,-398.9000000000006,-596.6000000000049,-563.1999999999965,-1558.700000000002
891,870,-419.5000000000011,-591.5000000000031,-597.8999999999979,-1608.900000000002
892,821,-425.1000000000024,-596.0000000000061,-565.9999999999985,-1587.1000000000072
893,791,-369.10000000000025,-526.8000000000043,-542.5999999999951,-1438.4999999999995
894,893,-448.10000000000224,-639.8000000000048,-657.199999999998,-1745.1000000000051
895,873,-415.10000000000076,-630.0000000000068,-600.9999999999976,-1646.1000000000054
896,831,-385.20000000000005,-601.6000000000059,-566.3999999999967,-1553.2000000000025
897,716,-361.9000000000014,-477.50000000000387,-479.29999999999507,-1318.7000000000003
898,770,-381.8000000000011,-549.7000000000053,-517.4999999999949,-1449.0000000000014
899,806,-389.59999999999974,-569.8000000000059,-562.8999999999958,-1522.3000000000013
901,864,-434.1000000000015,-627.1000000000068,-581.2999999999988,-1642.5000000000073
902,814,-376.9000000000006,-593.9000000000063,-552.0999999999963,-1522.9000000000033
903,793,-377.4000000000007,-566.6000000000058,-545.1999999999953,-1489.2000000000019
904,855,-427.0000000000023,-616.7000000000071,-575.3999999999983,-1619.1000000000076
905,824,-384.8000000000001,-593.4000000000061,-563.2999999999963,-1541.5000000000025
906,807,-377.7999999999998,-542.7000000000049,-551.9999999999968,-1472.5000000000016
907,788,-363.4999999999997,-551.1000000000049,-530.4999999999945,-1445.0999999999992
908,772,-389.50000000000193,-528.3000000000048,-519.8999999999951,-1437.7000000000019
909,923,-432.19999999999965,-633.5000000000047,-625.2000000000013,-1690.9000000000055
911,905,-425.30000000000007,-634.4000000000037,-638.7999999999986,-1698.5000000000025
912,857,-429.5000000000023,-627.8000000000068,-573.5999999999982,-1630.9000000000074
913,813,-411.20000000000044,-583.2000000000045,-571.7999999999971,-1566.200000000002
914,781,-386.80000000000035,-544.5000000000049,-541.3999999999959,-1472.7000000000012
915,854,-400.7000000000012,-625.2000000000071,-580.4999999999986,-1606.400000000007
916,826,-383.59999999999957,-573.8000000000055,-601.699999999999,-1559.100000000004
917,735,-368.40000000000117,-506.2000000000043,-519.599999999997,-1394.2000000000025
918,757,-383.30000000000143,-541.5000000000044,-538.7999999999969,-1463.6000000000026
919,814,-384.8000000000008,-569.5000000000028,-570.4999999999961,-1524.7999999999997
921,834,-399.1000000000008,-581.0000000000053,-580.0999999999963,-1560.2000000000025
922,982,-430.2000000000002,-710.8000000000048,-688.7000000000029,-1829.700000000008
923,812,-421.7000000000016,-566.100000000003,-551.8999999999971,-1539.7000000000016
924,858,-420.100000000002,-622.500000000004,-595.8999999999975,-1638.5000000000036
925,848,-392.69999999999936,-619.5000000000066,-573.899999999997,-1586.100000000003
926,839,-427.60000000000144,-598.5000000000057,-589.7999999999984,-1615.9000000000055
927,801,-381.10000000000025,-588.5000000000059,-537.7999999999961,-1507.4000000000024
928,805,-412.2000000000025,-548.700000000005,-548.7999999999978,-1509.7000000000053
929,887,-453.20000000000186,-675.9000000000079,-612.3999999999996,-1741.5000000000095
931,761,-354.30000000000035,-529.0000000000053,-512.7999999999947,-1396.1000000000004
932,773,-383.2000000000022,-547.4000000000052,-516.5999999999947,-1447.200000000002
933,784,-400.8000000000011,-527.9000000000038,-547.4999999999957,-1476.2000000000007
934,894,-439.1000000000016,-620.7000000000038,-627.2999999999984,-1687.1000000000038
935,871,-401.49999999999966,-590.8000000000054,-597.7999999999976,-1590.1000000000026
936,808,-378.1000000000016,-554.6000000000055,-542.8999999999961,-1475.600000000003
937,794,-397.8000000000007,-533.6000000000046,-533.6999999999962,-1465.1000000000015
938,817,-377.69999999999936,-542.200000000004,-543.9999999999967,-1463.9
939,882,-399.3000000000001,-635.0000000000066,-595.499999999999,-1629.8000000000056
941,770,-366.4999999999996,-514.4000000000043,-544.4999999999968,-1425.4000000000008
942,837,-415.4000000000017,-601.2000000000057,-582.9999999999975,-1599.600000000005
943,829,-420.5000000000021,-568.5000000000056,-552.3999999999968,-1541.4000000000046
944,821,-396.9000000000005,-599.0000000000068,-571.9999999999964,-1567.9000000000037
945,791,-376.7000000000022,-534.0000000000049,-535.7999999999959,-1446.500000000003
946,816,-371.4000000000001,-554.0000000000041,-568.6999999999958,-1494.1
947,959,-462.40000000000157,-701.4000000000054,-666.2000000000015,-1830.0000000000086
948,845,-387.5,-597.7000000000066,-562.1999999999974,-1547.4000000000042
949,802,-394.2000000000016,-562.1000000000038,-542.499999999997,-1498.8000000000025
951,849,-431.9000000000015,-590.8000000000052,-608.5999999999993,-1631.300000000006
952,910,-424.7999999999996,-637.7000000000038,-635.6999999999991,-1698.2000000000025
953,846,-428.70000000000175,-623.6000000000074,-568.2999999999982,-1620.6000000000076
954,818,-385.8000000000002,-564.6000000000053,-559.4999999999953,-1509.9000000000008
955,796,-357.90000000000146,-534.2000000000047,-531.4999999999956,-1423.6000000000017
956,823,-417.10000000000144,-559.3000000000039,-551.9999999999972,-1528.4000000000024
957,858,-444.5000000000024,-616.5000000000066,-580.6999999999986,-1641.7000000000075
958,874,-397.2999999999992,-608.400000000001,-595.3,-1601.0000000000002
959,775,-374.3000000000003,-541.3000000000046,-536.9999999999959,-1452.6000000000008
961,836,-394.20000000000124,-575.4000000000057,-582.6999999999964,-1552.3000000000034
962,756,-362.1000000000007,-541.4000000000046,-513.099999999995,-1416.6000000000004
963,818,-379.9,-560.0000000000052,-559.0999999999963,-1499.0000000000014
964,848,-401.2000000000005,-585.3000000000025,-584.2999999999973,-1570.8000000000002
965,792,-419.9000000000015,-569.5000000000056,-539.2999999999965,-1528.7000000000037
966,783,-407.20000000000203,-532.5000000000036,-562.9999999999972,-1502.700000000003
967,804,-373.7000000000003,-554.4000000000053,-551.4999999999957,-1479.6000000000013
968,872,-412.2000000000003,-594.9000000000055,-597.4999999999981,-1604.600000000004
969,845,-437.50000000000244,-626.600000000007,-570.1999999999985,-1634.300000000008
971,884,-418.8000000000007,-618.8000000000064,-593.0999999999996,-1630.7000000000066
972,818,-400.20000000000056,-559.9000000000051,-545.4999999999966,-1505.6000000000022
973,819,-400.69999999999976,-563.0000000000048,-574.6000000000005,-1538.3000000000052
974,816,-411.4000000000019,-567.7000000000055,-589.4999999999977,-1568.6000000000051
975,815,-423.4000000000031,-568.3000000000048,-560.3999999999968,-1552.100000000005
976,937,-464.70000000000107,-679.9000000000075,-645.8000000000005,-1790.4000000000092
977,889,-422.40000000000055,-590.6000000000025,-607.199999999998,-1620.2000000000012
978,790,-361.9000000000004,-528.3000000000036,-551.4999999999962,-1441.7000000000003
979,831,-396.3000000000006,-587.0000000000059,-585.5999999999976,-1568.9000000000042
981,847,-395.20000000000107,-625.100000000007,-568.9999999999982,-1589.300000000006
982,853,-393.80000000000103,-601.9000000000035,-580.9999999999982,-1576.7000000000028
983,830,-403.30000000000007,-596.4000000000061,-557.2999999999976,-1557.0000000000036
984,746,-350.9999999999998,-481.7000000000035,-501.4999999999951,-1334.1999999999985
985,863,-402.400000000001,-614.0000000000064,-609.3999999999962,-1625.8000000000036
986,772,-376.4000000000013,-550.9000000000046,-524.2999999999948,-1451.6000000000008
987,785,-394.6,-557.0000000000053,-558.7999999999967,-1510.400000000002
988,775,-368.0000000000006,-504.700000000004,-519.7999999999951,-1392.4999999999995
989,832,-411.9000000000006,-621.0000000000068,-582.4999999999978,-1615.400000000005
991,817,-386.9000000000013,-564.0000000000057,-564.1999999999954,-1515.1000000000022
992,869,-406.40000000000066,-591.2000000000027,-585.9999999999993,-1583.6000000000026
993,799,-358.7999999999994,-551.0000000000044,-586.5999999999983,-1496.4000000000021
994,845,-443.7000000000025,-597.7000000000061,-576.7999999999987,-1618.200000000007
995,740,-382.50000000000216,-500.5000000000043,-496.0999999999948,-1379.1000000000013
996,842,-375.4999999999989,-552.400000000004,-562.6999999999972,-1490.6
997,849,-438.6000000000005,-608.7000000000065,-570.1999999999982,-1617.5000000000052
998,826,-404.9000000000012,-604.5000000000069,-555.2999999999975,-1564.7000000000057
999,800,-397.70000000000124,-551.9000000000055,-553.4999999999957,-1503.1000000000024
1001,794,-368.7000000000007,-532.9000000000048,-548.4999999999959,-1450.1000000000013
1002,783,-376.80000000000183,-562.8000000000056,-532.7999999999962,-1472.4000000000037
1003,833,-424.5000000000013,-586.4000000000062,-561.3999999999979,-1572.3000000000056
1004,805,-408.2000000000019,-559.5000000000051,-564.8000000000005,-1532.5000000000077
1005,885,-423.7,-650.3000000000075,-595.7999999999998,-1669.8000000000075
1006,873,-449.7000000000027,-651.7000000000075,-588.7999999999989,-1690.2000000000094
1007,747,-370.7000000000009,-512.4000000000045,-527.9999999999969,-1411.1000000000022
1008,802,-377.4999999999999,-545.8000000000048,-553.0999999999952,-1476.4
1009,882,-410.30000000000035,-635.0000000000047,-596.2999999999988,-1641.6000000000038
1011,785,-372.69999999999993,-535.2000000000045,-544.5999999999959,-1452.5000000000005
1012,780,-389.60000000000167,-538.000000000005,-525.6999999999949,-1453.3000000000015
1013,854,-422.60000000000105,-584.4000000000057,-570.2999999999978,-1577.3000000000045
1014,790,-368.70000000000107,-537.7000000000028,-557.0999999999965,-1463.5000000000005
1015,883,-385.60000000000025,-620.2000000000035,-617.5999999999975,-1623.4000000000012
1016,800,-392.30000000000086,-581.5000000000065,-534.4999999999958,-1508.3000000000031
1017,853,-416.000000000001,-613.6000000000065,-585.7999999999973,-1615.400000000005
1018,878,-427.00000000000193,-648.4000000000045,-606.8999999999979,-1682.3000000000043
1019,813,-419.0000000000018,-558.3000000000051,-547.5999999999968,-1524.9000000000037
1021,852,-451.1000000000021,-603.6000000000056,-582.0999999999995,-1636.8000000000072
1022,887,-432.1999999999993,-639.700000000004,-621.9999999999993,-1693.9000000000026
1023,890,-467.80000000000314,-644.2000000000043,-620.3000000000005,-1732.300000000008
1024,748,-351.4000000000007,-496.2000000000039,-500.8999999999951,-1348.4999999999998
1025,873,-394.6000000000008,-603.5000000000036,-608.799999999997,-1606.9000000000015
1026,868,-405.00000000000136,-594.7000000000024,-604.0999999999992,-1603.800000000003
1027,777,-379.70000000000044,-532.8000000000047,-543.7999999999975,-1456.3000000000027
1028,881,-457.39999999999924,-679.5000000000007,-628.2000000000013,-1765.1000000000013
1029,830,-398.3000000000002,-590.7000000000036,-585.8999999999969,-1574.9000000000005
1031,754,-353.8999999999997,-571.7000000000055,-526.6999999999958,-1452.300000000001
1032,829,-403.30000000000183,-552.6000000000041,-566.3999999999993,-1522.3000000000052
1033,787,-376.0000000000009,-560.0000000000055,-533.5999999999958,-1469.6000000000022
1034,753,-350.40000000000146,-534.3000000000046,-501.9999999999945,-1386.7000000000005
1035,799,-379.1000000000004,-566.4000000000054,-546.5999999999967,-1492.1000000000026
1036,775,-382.80000000000155,-515.7000000000046,-516.3999999999947,-1414.900000000001
1037,871,-412.3000000000005,-598.4000000000033,-602.5999999999974,-1613.300000000001
1038,837,-403.79999999999967,-628.0000000000067,-597.3999999999978,-1629.2000000000041
1039,875,-433.10000000000184,-657.8000000000069,-587.1999999999989,-1678.1000000000076
1041,854,-427.10000000000093,-605.8000000000053,-575.2999999999985,-1608.2000000000048
1042,843,-387.10000000000093,-540.7000000000041,-556.9999999999972,-1484.8000000000022
1043,805,-388.9000000000019,-557.4000000000051,-553.9999999999957,-1500.3000000000027
1044,792,-377.80000000000035,-545.9000000000051,-540.0999999999957,-1463.800000000001
1045,795,-379.6000000000005,-564.7000000000058,-551.3999999999954,-1495.7000000000016
1046,907,-461.80000000000297,-675.4000000000078,-612.2000000000007,-1749.4000000000115
1047,710,-338.69999999999965,-488.5000000000032,-533.0999999999998,-1360.3000000000025
1048,857,-402.5000000000014,-581.4000000000057,-573.1999999999983,-1557.1000000000054
1049,774,-376.7000000000018,-565.5000000000055,-538.899999999996,-1481.1000000000033
1051,782,-411.0000000000012,-531.5000000000051,-543.2999999999956,-1485.800000000002
1052,853,-408.8000000000014,-619.4000000000035,-585.1999999999987,-1613.4000000000035
1053,872,-421.6000000000022,-641.5000000000077,-598.0999999999974,-1661.2000000000073
1054,815,-376.0999999999992,-562.8000000000053,-582.7999999999976,-1521.700000000002
1055,836,-381.2999999999996,-591.400000000006,-588.4999999999965,-1561.200000000002
1056,755,-360.6000000000001,-515.3000000000044,-511.5999999999951,-1387.4999999999995
1057,864,-411.6000000000017,-598.6000000000045,-587.2999999999985,-1597.5000000000045
1058,803,-400.800000000001,-584.8000000000067,-543.7999999999961,-1529.4000000000037
1059,801,-394.50000000000125,-550.3000000000036,-536.399999999996,-1481.2000000000007
1061,871,-451.600000000002,-612.7000000000065,-586.1999999999991,-1650.5000000000077
1062,855,-407.00000000000153,-600.6000000000063,-585.1999999999969,-1592.8000000000047
1063,808,-373.1000000000011,-546.1000000000045,-534.2999999999953,-1453.500000000001
1064,783,-374.20000000000016,-543.2000000000052,-527.3999999999955,-1444.8000000000009
1065,796,-367.0999999999996,-552.7000000000047,-556.2999999999963,-1476.1000000000006
1066,791,-381.70000000000147,-543.0000000000028,-532.9999999999959,-1457.7000000000003
1067,862,-389.000000000001,-608.200000000006,-606.2999999999967,-1603.5000000000036
1068,847,-420.10000000000167,-577.2000000000055,-568.9999999999986,-1566.3000000000059
1069,723,-343.80000000000086,-494.40000000000424,-494.3999999999954,-1332.6000000000004
1071,872,-424.80000000000166,-626.5000000000039,-601.0999999999983,-1652.400000000004
1072,834,-382.0000000000006,-589.0000000000056,-582.0999999999958,-1553.100000000002
1073,822,-375.6000000000001,-564.700000000005,-557.2999999999961,-1497.6000000000013
1074,768,-343.3000000000006,-530.6000000000048,-519.099999999995,-1393.0000000000005
1075,854,-403.4000000000006,-599.900000000006,-592.6999999999974,-1596.000000000004
1076,784,-370.30000000000155,-533.1000000000043,-525.2999999999954,-1428.7000000000012
1077,895,-476.30000000000126,-653.1000000000043,-609.400000000001,-1738.8000000000065
1078,758,-345.7999999999998,-526.7000000000048,-509.0999999999948,-1381.5999999999995
1079,763,-351.00000000000085,-514.8000000000044,-508.99999999999443,-1374.7999999999997
1081,878,-440.20000000000175,-603.3000000000051,-596.2999999999998,-1639.8000000000065
1082,888,-410.2000000000001,-602.4000000000033,-618.6999999999979,-1631.300000000001
1083,809,-373.50000000000125,-557.0000000000053,-558.3999999999963,-1488.9000000000028
1084,843,-383.6000000000004,-572.9000000000054,-565.9999999999969,-1522.5000000000027
1085,812,-381.50000000000165,-585.5000000000061,-553.8999999999959,-1520.9000000000037
1086,824,-382.8,-584.8000000000033,-566.2999999999965,-1533.8999999999999
1087,827,-379.000000000001,-605.2000000000065,-565.3999999999971,-1549.6000000000047
1088,781,-376.20000000000056,-541.8000000000043,-538.3999999999961,-1456.400000000001
1089,782,-411.20000000000135,-531.1000000000048,-524.0999999999952,-1466.4000000000015
1091,836,-381.60000000000014,-568.1000000000054,-570.8999999999974,-1520.6000000000029
1092,835,-393.79999999999916,-574.500000000005,-581.9999999999967,-1550.3000000000009
1093,882,-439.9000000000012,-653.1000000000047,-617.4999999999978,-1710.5000000000036
1094,754,-350.40000000000043,-500.5000000000048,-503.8999999999947,-1354.8
1095,858,-410.3000000000002,-598.900000000006,-581.4999999999981,-1590.7000000000044
1096,921,-437.9000000000007,-636.700000000004,-612.2000000000012,-1686.8000000000059
1097,780,-398.4000000000011,-548.0000000000038,-540.0999999999972,-1486.500000000002
1098,877,-427.4000000000002,-624.1000000000063,-609.1999999999985,-1660.7000000000048
1099,948,-482.7000000000007,-727.2000000000066,-673.9000000000074,-1883.8000000000147
1101,810,-376.3000000000002,-592.8000000000069,-547.2999999999962,-1516.4000000000033
1102,894,-432.1000000000012,-633.8000000000043,-624.2999999999981,-1690.2000000000037
1103,790,-400.1000000000028,-529.2000000000047,-542.4999999999952,-1471.8000000000027
1104,872,-412.5999999999989,-646.2000000000047,-593.2999999999996,-1652.100000000003
1105,820,-390.20000000000107,-574.7000000000036,-550.0999999999972,-1515.0000000000018
1106,828,-397.20000000000107,-557.5000000000043,-553.2999999999972,-1508.0000000000027
1107,837,-404.79999999999984,-560.5000000000049,-571.5999999999971,-1536.900000000002
1108,782,-390.20000000000147,-529.3000000000036,-534.6999999999955,-1454.2000000000005
1109,735,-342.29999999999967,-505.40000000000384,-499.99999999999557,-1347.699999999999
1111,914,-453.3000000000009,-657.900000000007,-616.300000000001,-1727.500000000009
1112,865,-431.6000000000013,-602.6000000000059,-601.9999999999981,-1636.2000000000053
1113,893,-418.0000000000004,-635.5000000000068,-604.5999999999989,-1658.1000000000063
1114,764,-374.4000000000004,-518.4000000000044,-512.0999999999945,-1404.8999999999992
1115,919,-461.5000000000019,-684.6000000000078,-614.6000000000008,-1760.7000000000105
1116,702,-330.5000000000003,-463.2000000000032,-483.09999999999616,-1276.7999999999997
1117,806,-421.2000000000023,-539.300000000005,-540.6999999999965,-1501.200000000004
1118,855,-419.00000000000085,-618.9000000000065,-569.9999999999978,-1607.900000000005
1119,863,-399.30000000000126,-609.3000000000062,-593.7999999999967,-1602.4000000000042
1121,813,-386.8000000000015,-577.900000000006,-551.799999999997,-1516.5000000000045
1122,862,-405.0999999999999,-608.500000000003,-591.3000000000001,-1604.9000000000028
1123,923,-431.40000000000043,-688.0000000000083,-622.2000000000016,-1741.6000000000104
1124,887,-461.5000000000018,-629.0000000000019,-612.6000000000008,-1703.1000000000045
1125,844,-381.79999999999967,-576.1000000000035,-594.699999999998,-1552.6000000000013
1126,785,-367.00000000000125,-522.0000000000048,-546.7999999999963,-1435.8000000000025
1127,804,-387.5000000000004,-571.9000000000057,-566.0999999999963,-1525.5000000000023
1128,798,-390.9999999999989,-543.3000000000045,-549.2999999999954,-1483.5999999999988
1129,821,-392.0000000000002,-601.7000000000062,-570.5999999999956,-1564.300000000002
1131,837,-407.40000000000117,-582.6000000000054,-570.5999999999977,-1560.6000000000045
1132,825,-393.30000000000047,-596.1000000000062,-574.7999999999964,-1564.200000000003
1133,815,-425.70000000000175,-544.2000000000046,-548.7999999999969,-1518.7000000000032
1134,880,-397.9000000000007,-654.2000000000074,-609.4999999999981,-1661.6000000000063
1135,893,-465.50000000000193,-633.3000000000067,-603.9999999999993,-1702.800000000008
1136,875,-412.50000000000097,-626.0000000000039,-605.3999999999984,-1643.9000000000033
1137,892,-460.9000000000024,-607.8000000000042,-598.1000000000005,-1666.800000000007
1138,800,-368.60000000000025,-538.2000000000047,-533.4999999999957,-1440.3000000000006
1139,840,-404.30000000000075,-612.5000000000067,-579.499999999999,-1596.3000000000065
1141,888,-410.90000000000066,-619.2000000000045,-620.2999999999984,-1650.4000000000035
1142,823,-397.50000000000114,-561.2000000000049,-549.9999999999966,-1508.7000000000025
1143,778,-396.3000000000015,-559.7000000000056,-524.2999999999952,-1480.3000000000022
1144,871,-435.40000000000197,-620.5000000000063,-589.1999999999992,-1645.1000000000076
1145,817,-385.00000000000045,-582.4000000000057,-561.9999999999968,-1529.4000000000028
1146,879,-410.5000000000004,-664.6000000000062,-592.7999999999993,-1667.9000000000058
1147,867,-410.0000000000005,-589.8000000000054,-573.5999999999979,-1573.4000000000037
1148,863,-404.4999999999998,-602.9000000000044,-579.9999999999991,-1587.4000000000033
1149,810,-368.89999999999975,-548.400000000005,-550.0999999999954,-1467.4
1151,810,-364.9000000000006,-550.1000000000051,-544.0999999999967,-1459.1000000000024
1152,792,-370.7000000000009,-578.6000000000062,-528.2999999999952,-1477.6000000000022
1153,820,-387.20000000000124,-570.0000000000057,-565.8999999999958,-1523.1000000000026
1154,836,-393.0000000000002,-615.6000000000067,-574.299999999998,-1582.900000000005
1155,860,-423.0000000000024,-636.1000000000068,-600.899999999998,-1660.0000000000073
1156,868,-428.90000000000134,-622.5000000000038,-605.299999999998,-1656.700000000003
1157,782,-370.40000000000043,-545.100000000005,-546.6999999999962,-1462.2000000000016
1158,916,-452.1000000000014,-705.3000000000055,-683.1000000000038,-1840.5000000000107
1159,734,-367.20000000000135,-513.7000000000049,-499.0999999999952,-1380.0000000000014
1161,908,-438.69999999999965,-641.0000000000044,-613.900000000001,-1693.6000000000051
1162,824,-409.70000000000107,-549.100000000003,-556.6999999999972,-1515.5000000000014
1163,883,-399.9000000000007,-602.9000000000041,-615.5999999999976,-1618.4000000000024
1164,767,-378.7000000000016,-532.1000000000047,-523.5999999999963,-1434.4000000000026
1165,761,-357.6000000000011,-537.1000000000045,-537.7999999999964,-1432.5000000000018
1166,748,-381.8000000000006,-533.7000000000046,-530.6999999999965,-1446.2000000000016
1167,761,-370.7000000000005,-530.7000000000041,-531.9999999999961,-1433.4000000000008
1168,783,-392.80000000000155,-504.4000000000041,-523.7999999999952,-1421.000000000001
1169,886,-448.70000000000107,-610.7000000000063,-593.0999999999993,-1652.5000000000068
1171,870,-388.5999999999997,-588.7000000000031,-589.4999999999985,-1566.8000000000013
1172,847,-417.000000000002,-610.500000000004,-568.5999999999982,-1596.100000000004
1173,850,-389.7999999999998,-575.5000000000056,-594.2999999999965,-1559.600000000002
1174,917,-441.80000000000075,-667.1000000000034,-628.2000000000028,-1737.100000000007
1175,893,-444.0000000000018,-659.6000000000072,-605.8000000000003,-1709.4000000000092
1176,826,-398.60000000000167,-578.2000000000044,-575.8999999999965,-1552.7000000000025
1177,852,-394.2000000000011,-588.9000000000055,-585.899999999997,-1569.0000000000036
1178,891,-421.40000000000225,-642.4000000000048,-609.2,-1673.000000000007
1179,796,-373.1,-533.6000000000048,-552.0999999999958,-1458.8000000000006
1181,838,-414.2000000000012,-646.2000000000047,-586.1000000000006,-1646.5000000000066
1182,928,-459.49999999999943,-678.5000000000049,-651.7000000000014,-1789.7000000000057
1183,734,-342.69999999999965,-480.50000000000347,-506.6999999999959,-1329.899999999999
1184,861,-402.2999999999999,-614.2000000000063,-604.1999999999967,-1620.700000000003
1185,791,-397.3000000000014,-545.9000000000044,-537.5999999999959,-1480.8000000000015
1186,742,-385.3000000000011,-501.700000000004,-527.299999999998,-1414.3000000000031
1187,799,-373.90000000000106,-551.6000000000046,-536.1999999999962,-1461.7000000000019
1188,826,-376.3000000000001,-579.7000000000056,-584.0999999999967,-1540.1000000000024
1189,901,-445.3000000000007,-644.1000000000053,-623.9999999999994,-1713.4000000000055
1191,790,-357.8000000000003,-529.3000000000042,-549.6999999999962,-1436.8000000000006
1192,844,-413.90000000000083,-582.2000000000053,-582.8999999999972,-1579.0000000000032
1193,865,-431.80000000000064,-617.5000000000035,-579.1999999999985,-1628.5000000000027
1194,884,-475.9000000000016,-678.1000000000079,-609.9000000000008,-1763.9000000000103
1195,813,-378.90000000000015,-579.4000000000055,-554.9999999999961,-1513.3000000000018
1196,951,-486.3000000000009,-711.3000000000087,-633.6000000000016,-1831.2000000000112
1197,780,-379.9000000000022,-527.2000000000045,-524.8999999999957,-1432.0000000000023
1198,703,-349.00000000000136,-458.900000000003,-472.59999999999513,-1280.4999999999995
1199,836,-396.0000000000013,-601.3000000000033,-568.6999999999974,-1566.0000000000018
1201,836,-406.4000000000013,-598.2000000000065,-563.0999999999981,-1567.700000000006
1202,846,-434.10000000000156,-604.5000000000057,-582.0999999999992,-1620.7000000000064
1203,960,-482.09999999999854,-722.3000000000086,-669.9000000000015,-1874.3000000000086
1204,796,-388.20000000000033,-554.0000000000053,-544.0999999999959,-1486.3000000000015
1205,813,-402.7000000000002,-585.6000000000059,-567.9999999999961,-1556.3000000000022
1206,890,-444.3000000000015,-656.7000000000064,-613.1000000000016,-1714.1000000000095
1207,853,-392.9000000000005,-561.1000000000023,-573.3999999999978,-1527.4000000000005
1208,886,-458.8000000000002,-668.000000000005,-626.100000000001,-1752.9000000000062
1209,794,-371.5000000000003,-564.0000000000051,-538.6999999999948,-1474.2000000000003
1211,845,-406.20000000000095,-577.500000000003,-600.3999999999969,-1584.1000000000008
1212,798,-404.8000000000011,-569.0000000000055,-536.6999999999961,-1510.5000000000027
1213,893,-425.50000000000085,-638.2000000000036,-620.7999999999988,-1684.5000000000032
1214,848,-379.00000000000045,-586.1000000000024,-571.8999999999977,-1537.0000000000005
1215,759,-381.8000000000009,-521.1000000000046,-508.5999999999946,-1411.5000000000002
1216,802,-380.6000000000002,-516.6000000000039,-540.0999999999957,-1437.2999999999997
1217,845,-403.4000000000013,-578.0000000000032,-561.5999999999976,-1543.000000000002
1218,856,-432.40000000000094,-576.2000000000024,-601.8999999999974,-1610.5000000000007
1219,814,-411.10000000000093,-550.7000000000048,-565.8999999999962,-1527.700000000002
1221,748,-363.09999999999957,-546.4000000000053,-521.4999999999961,-1431.000000000001
1222,851,-401.2999999999994,-612.9000000000065,-591.1999999999979,-1605.4000000000037
1223,848,-385.89999999999947,-582.700000000004,-581.0999999999975,-1549.7000000000012
1224,918,-462.7000000000012,-654.1000000000047,-636.5000000000011,-1753.300000000007
1225,845,-409.3000000000012,-574.8000000000033,-586.3999999999967,-1570.5000000000011
1226,740,-381.0000000000021,-523.6000000000048,-500.69999999999476,-1405.3000000000018
1227,894,-412.69999999999834,-653.7000000000062,-651.8999999999975,-1718.300000000002
1228,788,-364.89999999999964,-544.8000000000048,-537.6999999999955,-1447.4
1229,887,-428.3000000000002,-645.6000000000045,-615.7999999999987,-1689.7000000000035
1231,820,-380.70000000000084,-576.8000000000058,-553.4999999999965,-1511.0000000000032
1232,820,-401.90000000000157,-593.4000000000066,-553.0999999999973,-1548.4000000000055
1233,757,-364.200000000001,-518.0000000000031,-527.799999999996,-1410.0
1234,807,-416.7000000000016,-581.9000000000041,-568.3999999999979,-1567.0000000000036
1235,814,-405.60000000000167,-536.5000000000044,-541.6999999999964,-1483.8000000000025
1236,941,-487.2000000000034,-688.5000000000051,-633.2000000000018,-1808.90000000001
1237,837,-424.800000000002,-556.8000000000035,-561.5999999999974,-1543.200000000003
1238,859,-413.90000000000055,-619.7000000000006,-592.3999999999983,-1625.9999999999995
1239,826,-409.10000000000184,-591.3000000000046,-552.0999999999971,-1552.5000000000036
1241,810,-384.20000000000084,-554.1000000000034,-544.699999999997,-1483.0000000000014
1242,799,-400.5000000000009,-546.6000000000033,-557.3999999999975,-1504.5000000000018
1243,828,-426.300000000002,-599.5000000000066,-553.299999999997,-1579.1000000000056
1244,872,-401.2999999999997,-616.5000000000065,-596.2999999999985,-1614.1000000000047
1245,792,-380.90000000000015,-541.2000000000043,-537.6999999999969,-1459.8000000000013
1246,804,-412.30000000000155,-562.8000000000053,-542.8999999999966,-1518.0000000000034
1247,827,-368.30000000000047,-548.900000000005,-556.5999999999974,-1473.800000000003
1248,857,-394.6999999999997,-610.8000000000063,-573.199999999998,-1578.700000000004
1249,778,-402.5000000000025,-538.7000000000049,-519.2999999999948,-1460.5000000000023
1251,963,-486.10000000000184,-682.5000000000049,-646.0000000000031,-1814.60000000001
1252,803,-438.1000000000029,-546.4000000000045,-570.7999999999971,-1555.3000000000047
1253,864,-406.50000000000097,-616.5000000000051,-603.4999999999981,-1626.500000000004
1254,776,-360.79999999999944,-540.7000000000049,-536.4999999999958,-1438.0
1255,897,-411.9999999999997,-617.100000000005,-620.1999999999992,-1649.3000000000038
1256,812,-393.0000000000006,-573.8000000000055,-565.8999999999965,-1532.7000000000025
1257,883,-433.4000000000016,-628.1000000000037,-599.9999999999997,-1661.500000000005
1258,858,-497.6000000000035,-585.5000000000056,-581.6999999999985,-1664.8000000000075
1259,1002,-523.5000000000023,-750.1000000000056,-697.1000000000025,-1970.7000000000103
1261,904,-432.3000000000011,-645.3000000000072,-619.8999999999995,-1697.5000000000077
1262,874,-422.600000000001,-629.4000000000063,-602.6999999999974,-1654.7000000000048
1263,861,-420.8000000000021,-567.5000000000025,-576.3999999999983,-1564.700000000003
1264,757,-384.80000000000155,-513.9000000000043,-517.9999999999953,-1416.7000000000012
1265,883,-457.70000000000164,-607.4000000000032,-643.2000000000002,-1708.3000000000052
1266,875,-402.0999999999999,-630.600000000001,-597.7999999999992,-1630.5
1267,881,-415.9000000000003,-592.6000000000059,-584.9999999999985,-1593.5000000000048
1268,746,-362.80000000000143,-504.40000000000396,-514.4999999999955,-1381.7000000000007
1269,827,-378.6000000000004,-585.5000000000055,-581.9999999999962,-1546.1000000000022
1271,816,-414.40000000000066,-589.0000000000061,-549.2999999999971,-1552.700000000004
1272,772,-374.00000000000045,-528.4000000000045,-541.4999999999961,-1443.900000000001
1273,845,-413.3000000000002,-579.4000000000057,-570.1999999999972,-1562.900000000003
1274,770,-355.4000000000012,-516.5000000000045,-522.699999999995,-1394.6000000000008
1275,844,-400.80000000000007,-582.5000000000026,-566.0999999999979,-1549.4000000000005
1276,953,-542.1000000000035,-690.7999999999968,-755.2000000000093,-1988.1000000000095
1277,893,-411.6000000000009,-650.1000000000071,-624.1999999999988,-1685.900000000007
1278,890,-488.6999999999987,-652.5000000000066,-635.9000000000005,-1777.1000000000058
1279,881,-406.60000000000025,-644.2000000000049,-619.9999999999986,-1670.8000000000038
1281,888,-416.90000000000055,-606.5000000000061,-620.4999999999986,-1643.9000000000053
1282,718,-344.5000000000005,-490.5000000000044,-479.09999999999474,-1314.0999999999997
1283,853,-401.60000000000105,-617.4000000000063,-590.1999999999977,-1609.200000000005
1284,846,-392.6000000000007,-581.1000000000059,-576.6999999999972,-1550.4000000000037
1285,813,-423.5000000000026,-576.9000000000057,-542.1999999999961,-1542.6000000000045
1286,777,-370.10000000000053,-506.7000000000043,-535.3999999999959,-1412.2000000000007
1287,678,-334.8000000000012,-482.4000000000031,-481.49999999999727,-1298.7000000000016
1288,846,-404.4000000000001,-554.6000000000022,-590.0999999999971,-1549.0999999999995
1289,863,-386.1999999999999,-596.7000000000045,-595.7999999999988,-1578.7000000000032
1291,887,-400.1999999999998,-639.7000000000072,-589.199999999999,-1629.1000000000058
1292,814,-391.20000000000067,-549.1000000000038,-547.8999999999972,-1488.2000000000016
1293,806,-381.4000000000008,-536.6000000000048,-540.4999999999953,-1458.500000000001
1294,822,-412.30000000000274,-560.7000000000027,-559.4999999999966,-1532.500000000002
1295,768,-410.8000000000028,-531.4000000000048,-520.2999999999953,-1462.5000000000027
1296,800,-406.80000000000126,-576.6000000000059,-542.2999999999967,-1525.700000000004
1297,860,-434.700000000002,-604.6000000000059,-589.4999999999978,-1628.8000000000056
1298,743,-357.10000000000065,-504.9000000000038,-513.7999999999961,-1375.8000000000006
1299,917,-462.80000000000086,-667.1000000000075,-627.2000000000005,-1757.1000000000088
1301,856,-404.40000000000174,-609.5000000000057,-600.2999999999977,-1614.200000000005
1302,870,-429.9000000000015,-651.8000000000078,-582.899999999999,-1664.6000000000083
1303,761,-385.8000000000022,-500.00000000000415,-521.5999999999956,-1407.400000000002
1304,808,-409.30000000000257,-545.2000000000048,-543.099999999997,-1497.6000000000045
1305,782,-371.00000000000074,-544.1000000000053,-545.6999999999957,-1460.8000000000018
1306,855,-385.50000000000006,-585.7000000000052,-570.5999999999981,-1541.8000000000034
1307,873,-396.1000000000017,-592.6000000000055,-611.3999999999975,-1600.1000000000047
1308,790,-376.70000000000067,-597.5000000000059,-552.6999999999958,-1526.9000000000024
1309,796,-390.9000000000016,-581.200000000006,-553.6999999999957,-1525.8000000000034
1311,783,-373.5000000000012,-545.1000000000048,-542.999999999997,-1461.600000000003
1312,848,-403.90000000000015,-566.400000000005,-564.0999999999977,-1534.4000000000028
1313,810,-365.90000000000055,-573.1000000000056,-541.0999999999964,-1480.1000000000026
1314,983,-460.9999999999994,-735.6000000000037,-673.2000000000027,-1869.8000000000056
1315,856,-387.6,-588.5000000000032,-576.4999999999981,-1552.6000000000013
1316,729,-340.1000000000003,-485.5000000000039,-491.19999999999504,-1316.7999999999993
1317,754,-378.3000000000016,-516.7000000000039,-534.2999999999967,-1429.300000000002
1318,769,-392.3000000000012,-535.6000000000047,-533.1999999999958,-1461.1000000000017
1319,907,-442.0000000000013,-671.8000000000054,-632.1999999999986,-1746.0000000000055
1321,908,-432.29999999999916,-681.3000000000078,-631.4999999999987,-1745.1000000000058
1322,817,-370.7000000000001,-563.5000000000055,-551.3999999999963,-1485.6000000000017
1323,850,-390.80000000000064,-554.1000000000035,-584.499999999997,-1529.4000000000012
1324,845,-413.9000000000015,-601.6000000000059,-571.7999999999987,-1587.300000000006
1325,890,-420.000000000001,-611.9000000000025,-613.0999999999989,-1645.0000000000023
1326,791,-365.1000000000003,-541.2000000000052,-538.3999999999951,-1444.7000000000005
1327,890,-410.50000000000074,-621.1000000000015,-623.2999999999985,-1654.9000000000005
1328,778,-403.20000000000095,-578.3000000000048,-524.8999999999951,-1506.400000000001
1329,844,-438.1000000000003,-598.4000000000027,-617.3000000000004,-1653.8000000000034
1331,853,-429.10000000000224,-580.2000000000055,-584.5999999999974,-1593.900000000005
1332,792,-372.80000000000064,-545.300000000005,-526.499999999995,-1444.6000000000006
1333,835,-393.5999999999998,-593.7000000000058,-565.5999999999977,-1552.9000000000033
1334,871,-462.40000000000055,-622.2000000000044,-598.2000000000005,-1682.8000000000054
1335,865,-441.50000000000193,-650.2000000000077,-580.3999999999985,-1672.100000000008
1336,884,-435.70000000000147,-658.300000000005,-594.6999999999996,-1688.700000000006
1337,806,-383.0000000000013,-542.3000000000042,-543.8999999999954,-1469.2000000000007
1338,761,-365.70000000000135,-515.4000000000049,-519.7999999999954,-1400.9000000000017
1339,823,-420.7,-616.2000000000056,-578.5999999999974,-1615.500000000003
1341,847,-397.4000000000018,-558.2000000000048,-563.3999999999969,-1519.0000000000036
1342,834,-406.90000000000117,-562.4000000000045,-577.8999999999968,-1547.2000000000025
1343,895,-455.90000000000265,-647.5000000000074,-615.5999999999997,-1719.0000000000098
1344,827,-379.30000000000075,-595.6000000000059,-583.1999999999962,-1558.1000000000029
1345,859,-401.2000000000005,-600.700000000002,-593.9999999999976,-1595.9
1346,826,-398.1000000000012,-589.4000000000036,-568.8999999999969,-1556.4000000000017
1347,818,-397.8000000000011,-555.9000000000034,-556.699999999996,-1510.4000000000005
1348,815,-400.100000000001,-588.1000000000062,-572.7999999999959,-1561.000000000003
1349,874,-399.6999999999996,-599.5000000000059,-609.0999999999977,-1608.3000000000034
1351,795,-400.100000000002,-561.0000000000057,-534.7999999999957,-1495.9000000000033
1352,839,-411.1000000000014,-599.000000000006,-579.9999999999975,-1590.100000000005
1353,824,-401.7000000000009,-595.6000000000065,-562.4999999999986,-1559.800000000006
1354,893,-398.49999999999955,-615.7000000000041,-619.9999999999995,-1634.2000000000032
1355,796,-368.20000000000095,-533.8000000000048,-535.0999999999959,-1437.1000000000017
1356,927,-515.6000000000037,-679.900000000004,-637.0000000000014,-1832.500000000009
1357,815,-407.7000000000022,-609.3000000000065,-552.7999999999971,-1569.8000000000059
1358,879,-409.0000000000004,-618.1000000000057,-614.7999999999984,-1641.9000000000044
1359,854,-394.60000000000076,-618.3000000000068,-589.2999999999976,-1602.2000000000053
1361,836,-417.7000000000011,-610.8000000000067,-563.899999999998,-1592.4000000000058
1362,776,-363.0999999999996,-526.2000000000045,-521.0999999999951,-1410.3999999999992
1363,889,-421.8000000000015,-614.9000000000034,-609.5999999999995,-1646.3000000000043
1364,888,-405.20000000000016,-596.7000000000056,-630.299999999999,-1632.2000000000048
1365,872,-474.5000000000027,-623.3000000000062,-593.2999999999996,-1691.1000000000085
1366,874,-402.10000000000076,-621.2000000000065,-593.6999999999987,-1617.000000000006
1367,758,-370.20000000000067,-510.600000000004,-517.4999999999955,-1398.3000000000002
1368,913,-444.90000000000117,-674.8000000000079,-617.2000000000011,-1736.90000000001
1369,865,-397.5999999999992,-581.0000000000024,-601.9999999999989,-1580.6000000000004
1371,819,-396.2000000000001,-550.5000000000051,-557.9999999999972,-1504.7000000000025
1372,824,-418.10000000000076,-559.500000000005,-546.8999999999965,-1524.5000000000023
1373,876,-428.40000000000157,-609.0000000000032,-589.2999999999995,-1626.7000000000041
1374,800,-393.1000000000009,-590.1000000000058,-562.4999999999961,-1545.7000000000028
1375,786,-374.50000000000057,-582.3000000000058,-530.8999999999958,-1487.700000000002
1376,862,-426.7000000000014,-621.2000000000061,-582.0999999999991,-1630.0000000000064
1377,784,-383.2000000000018,-565.6000000000035,-555.4999999999966,-1504.300000000002
1378,841,-410.30000000000166,-579.8000000000029,-587.199999999996,-1577.3000000000006
1379,953,-504.90000000000134,-742.8000000000069,-705.8000000000027,-1953.500000000011
1381,875,-439.20000000000164,-599.3000000000059,-582.999999999999,-1621.5000000000064
1382,823,-403.00000000000074,-591.5000000000033,-565.9999999999969,-1560.500000000001
1383,820,-386.0000000000006,-532.9000000000044,-568.2999999999959,-1487.200000000001
1384,890,-458.60000000000184,-637.9000000000045,-605.2999999999993,-1701.8000000000056
1385,694,-364.50000000000165,-460.50000000000335,-479.8999999999962,-1304.9000000000012
1386,835,-393.70000000000016,-586.5000000000031,-588.9999999999975,-1569.2000000000007
1387,818,-416.1000000000015,-557.8000000000046,-565.4999999999958,-1539.400000000002
1388,837,-379.2000000000003,-567.900000000005,-579.399999999997,-1526.5000000000023
1389,809,-375.30000000000035,-576.4000000000054,-550.5999999999958,-1502.3000000000015
1391,775,-373.0000000000015,-541.6000000000046,-531.3999999999952,-1446.0000000000014
1392,800,-387.3000000000009,-546.500000000005,-550.8999999999954,-1484.7000000000012
1393,754,-358.99999999999955,-527.7000000000041,-505.09999999999474,-1391.7999999999984
1394,801,-354.99999999999983,-573.000000000006,-547.9999999999955,-1476.0000000000014
1395,835,-453.7000000000027,-596.9000000000034,-608.7999999999987,-1659.4000000000046
1396,839,-394.80000000000024,-589.0000000000052,-610.599999999998,-1594.4000000000033
1397,858,-411.8000000000007,-614.1000000000013,-591.8999999999994,-1617.8000000000013
1398,939,-469.6000000000002,-695.3000000000077,-646.200000000001,-1811.1000000000088
1399,822,-385.00000000000114,-556.4000000000038,-550.4999999999965,-1491.9000000000015
1401,788,-360.800000000001,-507.7000000000038,-540.2999999999955,-1408.8000000000002
1402,740,-337.2000000000005,-476.60000000000366,-491.29999999999467,-1305.0999999999988
1403,895,-416.3000000000006,-647.700000000007,-610.399999999999,-1674.4000000000065
1404,826,-441.30000000000297,-631.4000000000076,-560.2999999999977,-1633.0000000000082
1405,745,-388.10000000000207,-495.600000000004,-502.59999999999474,-1386.3000000000009
1406,810,-393.9000000000019,-585.8000000000063,-547.0999999999964,-1526.8000000000047
1407,870,-441.9000000000018,-598.1000000000053,-585.4999999999991,-1625.5000000000061
1408,808,-419.4000000000019,-576.2000000000037,-544.0999999999968,-1539.7000000000025
1409,858,-432.600000000001,-593.5000000000058,-603.0999999999973,-1629.200000000004
1411,842,-444.50000000000307,-594.0000000000056,-574.0999999999991,-1612.6000000000076
1412,899,-429.60000000000053,-635.8000000000062,-618.3999999999995,-1683.800000000006
1413,810,-366.40000000000083,-556.7000000000029,-539.4999999999962,-1462.6
1414,844,-389.40000000000003,-587.2000000000052,-565.6999999999981,-1542.3000000000034
1415,873,-421.09999999999997,-643.0000000000074,-618.3999999999975,-1682.500000000005
1416,818,-397.6000000000014,-570.4000000000054,-566.8999999999955,-1534.9000000000024
1417,853,-437.40000000000185,-621.0000000000063,-575.1999999999981,-1633.6000000000063
1418,731,-374.80000000000166,-512.1000000000043,-495.39999999999515,-1382.300000000001
1419,837,-400.10000000000105,-616.6000000000071,-566.5999999999982,-1583.3000000000063
1421,859,-398.2999999999995,-614.1000000000055,-600.7999999999994,-1613.2000000000044
1422,788,-374.50000000000085,-547.1000000000048,-527.8999999999954,-1449.500000000001
1423,866,-412.1000000000003,-595.7000000000049,-605.8999999999974,-1613.7000000000025
1424,795,-398.1000000000008,-541.5000000000044,-536.3999999999965,-1476.0000000000018
1425,911,-446.70000000000095,-654.0000000000068,-610.4000000000005,-1711.1000000000083
1426,789,-352.7000000000011,-557.2000000000054,-559.7999999999969,-1469.7000000000035
1427,827,-373.89999999999964,-554.700000000004,-579.3999999999977,-1508.0000000000014
1428,832,-418.4000000000014,-555.8000000000053,-554.0999999999971,-1528.3000000000038
1429,770,-386.40000000000174,-601.5000000000056,-546.0999999999979,-1534.0000000000052
1431,874,-424.8000000000009,-595.6000000000039,-585.6999999999985,-1606.1000000000033
1432,801,-379.5000000000012,-549.8000000000054,-537.5999999999959,-1466.9000000000024
1433,740,-364.4000000000012,-499.9000000000042,-493.8999999999946,-1358.2
1434,826,-395.50000000000097,-613.8000000000067,-581.8999999999959,-1591.2000000000035
1435,875,-504.100000000004,-626.8000000000046,-620.8000000000005,-1751.7000000000094
1436,916,-480.90000000000146,-672.2000000000074,-615.5000000000006,-1768.6000000000095
1437,874,-440.1000000000014,-655.5000000000048,-587.0999999999993,-1682.7000000000057
1438,944,-500.7000000000033,-661.5000000000039,-643.9000000000016,-1806.1000000000085
1439,890,-437.70000000000044,-654.8000000000072,-604.5000000000007,-1697.0000000000084
1441,837,-394.1000000000006,-584.8000000000055,-551.3999999999965,-1530.3000000000025
1442,845,-392.4999999999999,-589.0000000000022,-582.9999999999978,-1564.5
1443,816,-417.6000000000019,-607.6000000000064,-554.0999999999974,-1579.3000000000056
1444,795,-393.2000000000006,-552.2000000000052,-558.3999999999962,-1503.800000000002
1445,836,-414.3000000000018,-564.9000000000027,-560.2999999999977,-1539.5000000000023
1446,806,-407.7000000000027,-542.9000000000042,-572.4999999999965,-1523.1000000000035
1447,831,-397.20000000000203,-567.5000000000051,-555.9999999999973,-1520.7000000000044
1448,812,-402.200000000002,-555.2000000000049,-545.6999999999965,-1503.1000000000035
1449,815,-383.4000000000007,-560.7000000000053,-573.9999999999968,-1518.1000000000029
1451,826,-380.39999999999986,-538.5000000000042,-579.4999999999961,-1498.4
1452,871,-421.7000000000011,-582.000000000003,-598.7999999999988,-1602.500000000003
1453,836,-403.1000000000011,-601.5000000000066,-573.6999999999962,-1578.3000000000038
1454,762,-386.20000000000175,-506.70000000000414,-530.8999999999961,-1423.800000000002
1455,814,-394.5000000000005,-578.2000000000055,-571.2999999999963,-1544.0000000000023
1456,777,-372.2000000000003,-528.5000000000044,-539.5999999999959,-1440.3000000000006
1457,881,-403.29999999999984,-635.8000000000064,-590.1999999999991,-1629.3000000000054
1458,896,-448.4000000000014,-629.6000000000051,-617.4999999999989,-1695.5000000000055
1459,842,-414.800000000002,-603.300000000006,-564.499999999998,-1582.6000000000058
1461,755,-387.40000000000225,-508.10000000000434,-505.59999999999474,-1401.1000000000013
1462,762,-349.59999999999985,-527.0000000000042,-515.4999999999949,-1392.099999999999
1463,850,-415.90000000000146,-592.5000000000018,-581.4999999999968,-1589.9
1464,760,-351.59999999999997,-523.2000000000044,-513.6999999999952,-1388.4999999999995
1465,729,-352.2000000000006,-490.6000000000037,-506.5999999999963,-1349.4000000000005
1466,771,-391.300000000002,-559.0000000000055,-522.9999999999955,-1473.300000000003
1467,814,-387.6000000000007,-563.7000000000049,-582.8999999999974,-1534.200000000003
1468,785,-375.4000000000012,-520.2000000000046,-520.1999999999947,-1415.8000000000006
1469,875,-424.70000000000016,-610.4000000000048,-595.5999999999989,-1630.700000000004
1471,844,-395.2000000000004,-581.9000000000032,-573.0999999999974,-1550.200000000001
1472,841,-389.7000000000009,-583.200000000003,-563.7999999999979,-1536.7000000000019
1473,823,-382.5000000000012,-564.0000000000048,-579.199999999997,-1525.700000000003
1474,804,-386.500000000001,-541.9000000000045,-544.0999999999965,-1472.500000000002
1475,794,-391.2000000000017,-570.0000000000051,-539.8999999999971,-1501.100000000004
1476,728,-336.40000000000043,-470.10000000000355,-496.09999999999576,-1302.5999999999997
1477,861,-402.40000000000003,-617.8000000000065,-589.3999999999974,-1609.600000000004
1478,903,-444.0000000000012,-619.4000000000034,-613.9999999999993,-1677.400000000004
1479,809,-378.39999999999964,-578.5000000000056,-564.3999999999959,-1521.300000000001
1481,811,-420.50000000000153,-566.200000000005,-549.3999999999974,-1536.100000000004
1482,777,-397.50000000000244,-526.0000000000043,-538.7999999999954,-1462.3000000000022
1483,840,-386.5999999999996,-577.0000000000052,-566.6999999999969,-1530.3000000000018
1484,796,-377.3999999999997,-601.700000000007,-548.8999999999968,-1528.0000000000036
1485,838,-427.1000000000018,-607.4000000000061,-577.299999999997,-1611.800000000005
1486,907,-414.2000000000004,-657.2000000000071,-620.1999999999994,-1691.6000000000067
1487,846,-390.5000000000002,-589.7000000000063,-572.4999999999981,-1552.7000000000046
1488,811,-401.20000000000124,-555.9000000000049,-550.1999999999965,-1507.3000000000025
1489,927,-431.60000000000167,-707.3000000000085,-625.6000000000008,-1764.500000000011
1491,825,-391.20000000000016,-604.5000000000065,-560.9999999999964,-1556.700000000003
1492,741,-393.3000000000006,-531.6000000000047,-535.5999999999974,-1460.5000000000027
1493,827,-408.8000000000012,-585.7000000000053,-578.1999999999975,-1572.700000000004
1494,890,-451.50000000000284,-643.0000000000041,-603.1000000000001,-1697.600000000007
1495,802,-376.6000000000008,-586.3000000000061,-544.0999999999962,-1507.0000000000032
1496,783,-386.2000000000018,-523.3000000000042,-551.3999999999965,-1460.9000000000024
1497,824,-378.00000000000034,-583.8000000000055,-570.2999999999956,-1532.1000000000015
1498,923,-476.10000000000133,-681.0000000000082,-637.6000000000006,-1794.70000000001
1499,832,-429.20000000000203,-598.1000000000062,-560.8999999999977,-1588.2000000000057
1501,756,-394.30000000000143,-540.4000000000024,-538.6999999999969,-1473.4000000000005
1502,907,-403.9999999999992,-641.5000000000027,-634.199999999999,-1679.7000000000007
1503,860,-394.5000000000001,-562.7000000000022,-598.6999999999972,-1555.8999999999996
1504,801,-411.9000000000019,-547.5000000000048,-557.5999999999992,-1517.000000000006
1505,875,-421.70000000000095,-650.2000000000072,-602.1999999999978,-1674.100000000006
1506,885,-460.9000000000024,-684.2000000000086,-599.2,-1744.300000000011
1507,701,-360.30000000000206,-473.3000000000039,-471.7999999999953,-1305.4000000000012
1508,776,-390.50000000000125,-505.400000000004,-519.6999999999949,-1415.6000000000004
1509,798,-374.6000000000006,-522.9000000000042,-540.899999999996,-1438.4000000000008
1511,765,-359.8000000000004,-512.0000000000042,-507.39999999999446,-1379.1999999999991
1512,864,-396.2000000000017,-582.1000000000054,-581.4999999999981,-1559.8000000000052
1513,844,-402.8999999999994,-599.1000000000034,-586.699999999997,-1588.6999999999998
1514,853,-403.400000000001,-584.4000000000028,-570.999999999998,-1558.8000000000018
1515,867,-438.80000000000257,-617.100000000006,-584.5999999999993,-1640.5000000000082
1516,698,-366.1000000000017,-477.6000000000036,-470.49999999999517,-1314.2000000000005
1517,843,-405.3000000000016,-620.8000000000069,-572.5999999999988,-1598.7000000000073
1518,1025,-544.0000000000013,-779.3000000000014,-775.8000000000042,-2099.1000000000067
1519,898,-457.9000000000008,-634.4000000000067,-612.3000000000013,-1704.6000000000088
1521,879,-445.00000000000136,-623.8000000000068,-587.799999999999,-1656.6000000000072
1522,814,-383.7000000000005,-596.3000000000067,-562.2999999999957,-1542.300000000003
1523,821,-423.3000000000008,-558.8000000000052,-545.3999999999963,-1527.5000000000023
1524,811,-390.6000000000012,-569.8000000000021,-564.7999999999965,-1525.1999999999998
1525,868,-442.30000000000115,-663.7000000000056,-595.8999999999999,-1701.9000000000067
1526,773,-357.5000000000004,-531.4000000000049,-524.1999999999952,-1413.1000000000004
1527,804,-383.30000000000143,-541.700000000005,-557.0999999999957,-1482.1000000000022
1528,821,-387.50000000000097,-563.6000000000043,-567.5999999999972,-1518.7000000000025
1529,830,-424.40000000000254,-606.6000000000067,-560.499999999997,-1591.5000000000064
1531,785,-419.40000000000225,-536.6000000000041,-526.7999999999954,-1482.8000000000018
1532,806,-397.1000000000014,-562.2000000000039,-549.0999999999957,-1508.400000000001
1533,847,-422.80000000000047,-564.900000000003,-592.399999999997,-1580.1000000000004
1534,818,-405.70000000000186,-521.8000000000037,-558.2999999999963,-1485.800000000002
1535,860,-405.2000000000004,-605.100000000006,-594.2999999999976,-1604.600000000004
1536,883,-419.3000000000011,-627.900000000004,-636.8,-1684.000000000005
1537,868,-400.5000000000007,-602.6000000000033,-581.699999999999,-1584.800000000003
1538,846,-423.9000000000011,-606.900000000006,-591.8999999999976,-1622.7000000000046
1539,861,-415.7000000000013,-612.5000000000061,-578.199999999998,-1606.4000000000055
1541,785,-358.2000000000016,-539.100000000005,-531.599999999995,-1428.9000000000015
1542,768,-380.5000000000017,-520.1000000000042,-518.6999999999952,-1419.300000000001
1543,814,-398.0000000000007,-591.500000000006,-557.4999999999967,-1547.0000000000034
1544,760,-362.40000000000106,-496.300000000004,-507.2999999999946,-1365.9999999999995
1545,845,-419.2999999999999,-617.0000000000042,-580.1999999999983,-1616.5000000000023
1546,842,-405.0000000000014,-575.0000000000053,-576.699999999997,-1556.700000000004
1547,909,-434.9000000000021,-685.8000000000058,-607.4000000000005,-1728.1000000000083
1548,756,-382.3000000000021,-503.40000000000305,-521.4999999999964,-1407.2000000000016
1549,799,-374.8000000000003,-549.1000000000032,-547.7999999999964,-1471.6999999999998
1551,896,-409.30000000000115,-682.5000000000084,-625.899999999999,-1717.7000000000085
1552,950,-480.0000000000003,-695.1000000000078,-640.300000000002,-1815.40000000001
1553,867,-407.29999999999984,-621.6000000000064,-608.9999999999983,-1637.9000000000046
1554,843,-404.499999999999,-595.4000000000028,-571.5999999999982,-1571.5
1555,871,-430.10000000000235,-662.5000000000078,-585.9999999999987,-1678.600000000009
1556,812,-407.30000000000166,-528.7000000000043,-546.4999999999973,-1482.5000000000032
1557,823,-423.2000000000018,-568.0000000000027,-582.5999999999959,-1573.8000000000006
1558,804,-397.10000000000105,-582.4000000000059,-558.4999999999958,-1538.0000000000027
1559,815,-381.30000000000035,-561.8000000000052,-565.3999999999969,-1508.5000000000025
1561,826,-385.90000000000055,-593.400000000003,-564.499999999997,-1543.8000000000006
1562,792,-401.5000000000023,-527.7000000000045,-554.0999999999973,-1483.300000000004
1563,818,-397.4000000000019,-550.1000000000051,-549.8999999999972,-1497.4000000000042
1564,862,-412.10000000000144,-613.3000000000063,-597.6999999999971,-1623.100000000005
1565,910,-427.7000000000007,-668.3000000000046,-619.1,-1715.1000000000054
1566,858,-404.0999999999996,-623.600000000007,-598.8999999999983,-1626.600000000005
1567,776,-368.3000000000003,-535.700000000005,-543.2999999999962,-1447.3000000000015
1568,865,-429.6000000000006,-608.1000000000028,-583.7999999999992,-1621.5000000000027
1569,813,-386.1999999999994,-564.8000000000054,-578.1999999999962,-1529.200000000001
1571,837,-427.9000000000011,-571.4000000000028,-564.1999999999977,-1563.5000000000016
1572,850,-426.40000000000015,-616.6000000000007,-622.0999999999997,-1665.1000000000006
1573,886,-437.0000000000009,-653.9000000000073,-613.4999999999991,-1704.4000000000074
1574,795,-388.3000000000007,-567.1000000000031,-556.7999999999973,-1512.2000000000012
1575,821,-414.40000000000117,-537.7000000000045,-548.7999999999969,-1500.9000000000024
1576,896,-424.3000000000006,-621.900000000005,-619.699999999999,-1665.9000000000046
1577,745,-356.700000000001,-488.30000000000445,-496.99999999999477,-1342.0000000000002
1578,852,-382.89999999999975,-622.0000000000072,-571.4999999999983,-1576.400000000005
1579,720,-346.2,-496.40000000000424,-498.2999999999961,-1340.9000000000003
1581,834,-393.4000000000006,-551.0000000000044,-558.6999999999975,-1503.1000000000026
1582,793,-392.8999999999995,-581.0000000000049,-548.9999999999972,-1522.9000000000015
1583,869,-434.09999999999957,-624.5000000000034,-604.0000000000005,-1662.6000000000035
1584,883,-413.2999999999987,-635.1000000000025,-621.3999999999996,-1669.8000000000009
1585,882,-443.6000000000013,-643.4000000000046,-598.5000000000003,-1685.5000000000064
1586,860,-415.70000000000135,-600.2000000000061,-579.0999999999983,-1595.0000000000057
1587,933,-455.50000000000125,-685.7000000000043,-689.4000000000037,-1830.6000000000092
1588,828,-388.6,-589.800000000006,-560.0999999999979,-1538.5000000000039
1589,841,-380.90000000000015,-554.1000000000048,-567.9999999999989,-1503.0000000000039
1591,908,-411.4000000000004,-631.0000000000034,-618.7,-1661.1000000000038
1592,858,-440.60000000000184,-645.2000000000079,-576.0999999999982,-1661.9000000000078
1593,833,-417.90000000000197,-591.1000000000037,-572.799999999997,-1581.8000000000027
1594,778,-367.4000000000002,-558.4000000000052,-542.0999999999956,-1467.900000000001
1595,766,-346.6000000000004,-504.80000000000433,-532.2999999999962,-1383.700000000001
1596,930,-473.20000000000186,-673.8000000000014,-625.7000000000024,-1772.7000000000057
1597,833,-409.5000000000013,-579.5000000000033,-582.399999999996,-1571.4000000000005
1598,904,-417.3000000000004,-666.5000000000078,-598.6999999999998,-1682.5000000000082
1599,804,-379.5000000000001,-548.300000000005,-567.6999999999966,-1495.5000000000018
1601,880,-458.50000000000097,-615.6000000000048,-605.0999999999995,-1679.2000000000053
1602,847,-428.60000000000207,-584.200000000003,-582.399999999999,-1595.200000000004
1603,827,-400.4000000000014,-566.7000000000055,-553.7999999999975,-1520.9000000000044
1604,841,-385.0000000000008,-615.700000000007,-581.399999999996,-1582.1000000000038
1605,809,-375.2000000000001,-550.5000000000052,-547.5999999999957,-1473.300000000001
1606,760,-370.1000000000003,-530.9000000000046,-519.0999999999956,-1420.1000000000006
1607,904,-411.9000000000004,-684.5000000000082,-629.4999999999995,-1725.900000000008
1608,802,-393.00000000000085,-575.1000000000057,-536.0999999999959,-1504.2000000000025
1609,867,-393.79999999999967,-601.9000000000045,-597.199999999999,-1592.9000000000033
1611,926,-448.90000000000197,-653.5000000000061,-617.7000000000008,-1720.100000000009
1612,776,-362.40000000000026,-519.9000000000041,-531.2999999999956,-1413.6
1613,792,-414.3000000000017,-553.9000000000044,-540.4999999999967,-1508.700000000003
1614,771,-337.3999999999998,-518.0000000000039,-526.5999999999957,-1381.9999999999995
1615,818,-405.89999999999856,-557.8000000000029,-580.2999999999976,-1543.999999999999
1616,789,-363.50000000000017,-528.8000000000043,-532.7999999999956,-1425.1000000000001
1617,791,-379.20000000000067,-516.100000000004,-541.7999999999952,-1437.1
1618,885,-426.5000000000019,-675.6000000000078,-620.3999999999988,-1722.5000000000086
1619,876,-418.3000000000017,-647.6000000000071,-607.2999999999977,-1673.2000000000064
1621,900,-446.1000000000015,-635.0000000000064,-603.5000000000002,-1684.600000000008
1622,850,-408.60000000000025,-602.7000000000057,-574.0999999999985,-1585.4000000000046
1623,752,-364.0000000000011,-482.60000000000326,-502.8999999999946,-1349.4999999999989
1624,911,-444.70000000000135,-680.1000000000075,-618.4000000000009,-1743.2000000000098
1625,779,-366.80000000000047,-532.1000000000046,-531.799999999995,-1430.7
1626,870,-391.7000000000006,-599.3000000000056,-586.2999999999977,-1577.3000000000038
1627,830,-411.0000000000012,-570.800000000005,-560.4999999999976,-1542.3000000000038
1628,923,-442.6000000000006,-680.000000000004,-626.6000000000023,-1749.2000000000066
1629,933,-454.8000000000012,-653.1000000000046,-652.7999999999995,-1760.7000000000053
1631,836,-456.3000000000025,-552.8000000000047,-581.7000000000003,-1590.8000000000075
1632,945,-446.6000000000006,-706.6000000000082,-661.6000000000005,-1814.8000000000093
1633,857,-413.5000000000004,-577.1000000000056,-599.8000000000004,-1590.4000000000065
1634,928,-456.90000000000066,-672.8000000000076,-622.7000000000014,-1752.4000000000096
1635,817,-403.4000000000012,-591.1000000000059,-576.799999999996,-1571.3000000000031
1636,740,-339.90000000000083,-486.9000000000041,-498.899999999995,-1325.6999999999998
1637,958,-468.5000000000009,-698.5000000000052,-655.5000000000016,-1822.5000000000077
1638,824,-377.30000000000075,-558.4000000000053,-574.699999999996,-1510.400000000002
1639,836,-390.60000000000053,-581.9000000000059,-575.0999999999966,-1547.600000000003
1641,783,-388.60000000000184,-540.2000000000053,-527.3999999999955,-1456.2000000000025
1642,833,-380.40000000000043,-580.6000000000053,-567.5999999999962,-1528.6000000000017
1643,917,-434.4999999999997,-634.6000000000039,-614.4000000000005,-1683.500000000004
1644,827,-402.0000000000012,-596.1000000000038,-556.5999999999977,-1554.7000000000025
1645,868,-406.90000000000134,-597.7000000000047,-584.0999999999989,-1588.7000000000048
1646,819,-384.4000000000014,-577.500000000006,-577.7999999999963,-1539.7000000000037
1647,808,-402.5000000000016,-555.1000000000055,-561.299999999996,-1518.900000000003
1648,867,-399.1000000000002,-615.0000000000063,-583.3999999999986,-1597.500000000005
1649,866,-453.1000000000003,-612.200000000003,-589.6999999999998,-1655.0000000000032
1651,795,-355.40000000000043,-528.4000000000049,-538.3999999999951,-1422.2000000000003
1652,820,-407.60000000000105,-557.4000000000029,-559.4999999999977,-1524.5000000000018
1653,825,-361.5999999999999,-545.9000000000048,-565.5999999999971,-1473.1000000000017
1654,817,-377.59999999999985,-583.8000000000058,-574.3999999999962,-1535.8000000000018
1655,862,-390.60000000000144,-615.7000000000062,-577.4999999999984,-1583.800000000006
1656,899,-452.10000000000207,-626.1000000000048,-621.7999999999998,-1700.0000000000068
1657,753,-372.0000000000009,-512.4000000000044,-510.39999999999503,-1394.8000000000004
1658,885,-435.2000000000024,-643.0000000000052,-592.1999999999996,-1670.4000000000071
1659,889,-434.4000000000011,-628.5000000000064,-609.9999999999985,-1672.900000000006
1661,742,-357.4000000000002,-507.5000000000046,-514.2999999999961,-1379.200000000001
1662,952,-483.8000000000008,-690.8000000000077,-661.1000000000018,-1835.7000000000103
1663,875,-422.2000000000004,-609.8000000000002,-631.1999999999979,-1663.1999999999985
1664,784,-373.6000000000002,-535.1000000000045,-532.4999999999956,-1441.2000000000003
1665,839,-437.10000000000167,-597.8000000000062,-583.5999999999973,-1618.500000000005
1666,775,-390.8000000000006,-530.2000000000047,-529.9999999999965,-1451.0000000000018
1667,847,-418.1999999999986,-630.2000000000033,-586.7999999999982,-1635.2000000000003
1668,745,-338.90000000000055,-465.90000000000293,-504.99999999999517,-1309.7999999999986
1669,861,-391.19999999999897,-596.2000000000031,-592.7999999999976,-1580.1999999999998
1671,895,-403.0000000000007,-622.000000000002,-621.199999999999,-1646.2000000000016
1672,941,-455.60000000000014,-710.3000000000073,-651.4000000000015,-1817.3000000000088
1673,892,-398.09999999999997,-639.0000000000045,-612.6999999999996,-1649.800000000004
1674,858,-421.20000000000067,-611.4000000000051,-588.699999999998,-1621.3000000000038
1675,877,-445.70000000000016,-652.3000000000054,-612.3999999999986,-1710.4000000000042
1676,869,-425.30000000000035,-617.4000000000032,-599.199999999998,-1641.9000000000015
1677,814,-406.00000000000176,-527.7000000000041,-545.6999999999969,-1479.4000000000028
1678,706,-340.4999999999996,-465.80000000000393,-494.29999999999677,-1300.6000000000004
1679,790,-366.09999999999985,-544.3000000000045,-533.6999999999961,-1444.1000000000004
1681,838,-404.700000000002,-615.5000000000068,-565.2999999999981,-1585.5000000000068
1682,877,-418.5000000000001,-651.300000000007,-590.9999999999992,-1660.800000000006
1683,824,-432.6000000000026,-612.8000000000067,-553.6999999999972,-1599.1000000000063
1684,781,-400.2000000000024,-568.200000000006,-527.9999999999955,-1496.4000000000037
1685,915,-443.10000000000224,-669.4000000000044,-652.599999999999,-1765.1000000000056
1686,768,-386.70000000000164,-528.6000000000047,-518.2999999999948,-1433.6000000000013
1687,816,-426.5000000000026,-583.8000000000062,-556.0999999999979,-1566.4000000000067
1688,764,-390.4999999999997,-525.6000000000048,-532.2999999999962,-1448.4000000000005
1689,866,-430.60000000000116,-625.200000000007,-598.6999999999974,-1654.5000000000055
1691,784,-405.3000000000027,-543.800000000005,-526.6999999999955,-1475.8000000000031
1692,754,-362.8000000000022,-529.2000000000053,-504.8999999999946,-1396.9000000000021
1693,799,-377.1000000000014,-572.5000000000059,-543.7999999999952,-1493.4000000000024
1694,839,-426.300000000002,-581.1000000000023,-583.4000000000001,-1590.8000000000043
1695,783,-365.90000000000083,-547.6000000000049,-521.9999999999949,-1435.5000000000005
1696,832,-392.7000000000013,-604.8000000000037,-594.6999999999985,-1592.2000000000035
1697,944,-538.4000000000062,-651.9000000000042,-640.9000000000008,-1831.2000000000112
1698,800,-382.40000000000083,-543.0000000000045,-543.8999999999957,-1469.300000000001
1699,842,-398.80000000000155,-607.5000000000039,-570.8999999999971,-1577.2000000000025
1701,852,-419.4000000000016,-582.3000000000025,-615.499999999999,-1617.200000000003
1702,825,-395.30000000000075,-581.0000000000058,-578.7999999999962,-1555.1000000000026
1703,809,-399.9000000000018,-562.900000000005,-560.9999999999966,-1523.8000000000034
1704,775,-353.8999999999999,-537.0000000000048,-524.799999999995,-1415.6999999999996
1705,803,-368.1999999999997,-544.7000000000049,-543.7999999999963,-1456.700000000001
1706,902,-453.7000000000003,-644.200000000004,-633.8999999999997,-1731.8000000000038
1707,827,-409.1000000000017,-603.3000000000062,-563.399999999998,-1575.800000000006
1708,753,-347.7000000000008,-477.70000000000414,-508.3999999999952,-1333.8000000000002
1709,823,-414.500000000001,-587.1000000000062,-569.5999999999962,-1571.2000000000035
1711,840,-439.30000000000155,-588.1000000000058,-566.6999999999982,-1594.1000000000056
1712,737,-375.10000000000167,-533.0000000000053,-498.3999999999947,-1406.5000000000016
1713,756,-404.70000000000186,-517.7000000000037,-532.2999999999967,-1454.700000000002
1714,846,-435.5000000000013,-601.8000000000052,-585.0999999999976,-1622.4000000000042
1715,881,-436.7000000000006,-640.2000000000055,-632.3999999999996,-1709.3000000000056
1716,769,-369.1000000000005,-514.700000000004,-518.1999999999949,-1401.9999999999995
1717,874,-457.30000000000155,-634.9000000000037,-614.2999999999995,-1706.5000000000048
1718,803,-384.40000000000055,-547.2000000000052,-560.5999999999958,-1492.2000000000016
1719,837,-422.0000000000015,-600.3000000000062,-583.9999999999977,-1606.3000000000054
1721,877,-415.4000000000011,-651.3000000000036,-612.8,-1679.5000000000048
1722,916,-426.80000000000035,-679.7000000000075,-634.4999999999999,-1741.0000000000077
1723,876,-430.5999999999991,-647.9000000000048,-605.9000000000007,-1684.4000000000046
1724,813,-425.40000000000254,-564.9000000000037,-581.1999999999981,-1571.5000000000045
1725,808,-379.3000000000013,-553.7000000000033,-546.6999999999974,-1479.700000000002
1726,803,-372.9000000000006,-567.300000000003,-575.199999999997,-1515.4000000000005
1727,891,-406.6999999999997,-622.2000000000037,-599.8000000000002,-1628.7000000000035
1728,864,-423.80000000000217,-597.8000000000061,-587.0999999999988,-1608.700000000007
1729,869,-414.0999999999989,-655.5000000000068,-615.7999999999986,-1685.4000000000044
1731,877,-446.8000000000025,-635.600000000007,-585.1999999999987,-1667.600000000008
1732,786,-374.6000000000007,-533.8000000000047,-525.6999999999954,-1434.1000000000008
1733,841,-438.7000000000022,-614.1000000000035,-597.3999999999974,-1650.200000000003
1734,835,-393.59999999999997,-588.1000000000053,-579.1999999999961,-1560.9000000000015
1735,822,-401.40000000000197,-552.700000000003,-549.4999999999964,-1503.6000000000013
1736,770,-401.2000000000025,-528.9000000000043,-529.4999999999962,-1459.600000000003
1737,894,-414.20000000000107,-662.7000000000075,-624.0999999999988,-1701.0000000000075
1738,822,-375.09999999999974,-565.3000000000056,-573.8999999999961,-1514.3000000000015
1739,731,-369.70000000000124,-505.8000000000041,-511.7999999999965,-1387.3000000000018
1741,873,-421.10000000000156,-623.1000000000048,-605.3999999999992,-1649.6000000000056
1742,756,-377.400000000001,-512.8000000000044,-510.6999999999949,-1400.9000000000003
1743,885,-423.6,-625.8000000000014,-613.5999999999988,-1663.0000000000002
1744,840,-376.30000000000086,-555.1000000000034,-560.0999999999963,-1491.5000000000005
1745,837,-412.3000000000013,-580.100000000003,-562.3999999999984,-1554.8000000000027
1746,906,-410.5000000000007,-638.100000000004,-634.8999999999983,-1683.500000000003
1747,844,-414.3000000000002,-603.4000000000058,-563.8999999999979,-1581.600000000004
1748,742,-351.1999999999999,-512.7000000000043,-501.699999999995,-1365.5999999999992
1749,863,-415.79999999999967,-646.2000000000072,-597.3999999999977,-1659.4000000000046
1751,764,-363.9000000000002,-530.000000000005,-521.8999999999954,-1415.8000000000006
1752,989,-468.7999999999997,-721.3000000000075,-677.4000000000027,-1867.50000000001
1753,764,-365.30000000000047,-530.2000000000048,-522.8999999999954,-1418.4000000000005
1754,887,-413.8000000000007,-647.0000000000073,-596.3999999999997,-1657.2000000000075
1755,865,-405.199999999999,-617.9000000000035,-599.3999999999988,-1622.5000000000014
1756,849,-458.6000000000027,-619.3000000000043,-579.9999999999991,-1657.900000000006
1757,822,-389.2000000000008,-567.6000000000053,-565.6999999999956,-1522.5000000000018
1758,885,-474.59999999999906,-664.1000000000049,-620.4000000000008,-1759.1000000000047
1759,758,-365.90000000000094,-525.1000000000049,-528.6999999999961,-1419.700000000002
1761,824,-378.70000000000016,-578.7000000000055,-566.699999999997,-1524.1000000000026
1762,800,-412.70000000000164,-549.800000000005,-543.8999999999972,-1506.4000000000037
1763,823,-391.8000000000013,-575.2000000000057,-562.5999999999984,-1529.6000000000054
1764,814,-422.70000000000203,-532.3000000000038,-554.4999999999962,-1509.5000000000023
1765,827,-405.7000000000011,-580.9000000000055,-591.5999999999968,-1578.2000000000035
1766,880,-429.0000000000002,-610.0000000000059,-587.6999999999995,-1626.7000000000057
1767,871,-425.20000000000067,-633.3000000000065,-584.5999999999983,-1643.1000000000056
1768,863,-405.90000000000026,-573.7000000000018,-585.9999999999985,-1565.6000000000004
1769,852,-442.5000000000023,-593.300000000006,-569.299999999998,-1605.1000000000063
1771,872,-424.6000000000009,-621.2000000000063,-598.3000000000001,-1644.1000000000072
1772,854,-434.2000000000011,-608.900000000006,-588.2999999999973,-1631.4000000000046
1773,854,-432.00000000000085,-615.7000000000035,-589.6999999999975,-1637.400000000002
1774,832,-390.4000000000009,-577.9000000000058,-564.4999999999961,-1532.800000000003
1775,806,-407.70000000000266,-580.5000000000064,-543.4999999999967,-1531.7000000000057
1776,849,-399.60000000000014,-596.600000000003,-583.199999999997,-1579.4
1777,799,-396.60000000000184,-550.3000000000027,-546.599999999997,-1493.5000000000014
1778,817,-386.90000000000015,-560.4000000000054,-564.9999999999956,-1512.300000000001
1779,775,-367.7000000000004,-542.7000000000047,-543.1999999999962,-1453.6000000000013
1781,867,-415.09999999999917,-622.4000000000036,-598.5999999999977,-1636.1000000000004
1782,833,-377.4999999999998,-540.8000000000043,-564.9999999999966,-1483.3000000000006
1783,845,-423.50000000000125,-602.9000000000046,-566.7999999999982,-1593.2000000000044
1784,826,-420.60000000000196,-594.4000000000012,-590.0999999999965,-1605.0999999999997
1785,816,-391.1000000000007,-598.1000000000059,-577.6999999999964,-1566.900000000003
1786,804,-404.50000000000216,-555.6000000000055,-542.2999999999969,-1502.4000000000046
1787,814,-385.10000000000025,-576.7000000000053,-560.0999999999959,-1521.9000000000015
1788,718,-329.4000000000009,-461.5000000000031,-487.49999999999585,-1278.3999999999999
1789,834,-410.7000000000007,-609.9000000000062,-558.2999999999975,-1578.9000000000044
1791,862,-395.7000000000005,-590.1000000000026,-572.0999999999983,-1557.9000000000015
1792,858,-418.4000000000019,-654.000000000008,-591.4999999999978,-1663.9000000000078
1793,869,-398.5999999999997,-599.3000000000052,-590.9999999999987,-1588.9000000000037
1794,848,-415.2000000000018,-584.100000000003,-580.4999999999972,-1579.800000000002
1795,817,-413.400000000002,-583.400000000006,-551.7999999999976,-1548.6000000000056
1796,813,-381.1,-565.3000000000054,-553.7999999999957,-1500.2000000000012
1797,762,-377.40000000000146,-529.0000000000042,-509.6999999999944,-1416.1000000000001
1798,833,-402.40000000000066,-601.2000000000038,-578.599999999997,-1582.2000000000014
1799,888,-474.40000000000185,-626.4000000000067,-604.1000000000003,-1704.9000000000087
1801,853,-462.50000000000256,-610.8000000000037,-600.1999999999971,-1673.5000000000034
1802,845,-402.9000000000014,-585.1000000000031,-565.999999999998,-1554.0000000000025
1803,823,-418.50000000000136,-559.9000000000054,-552.1999999999971,-1530.600000000004
1804,822,-379.4000000000003,-552.7000000000053,-556.8999999999959,-1489.0000000000014
1805,826,-402.70000000000056,-600.100000000006,-568.299999999996,-1571.1000000000026
1806,957,-451.4000000000001,-723.3000000000088,-644.0000000000024,-1818.7000000000112
1807,817,-396.00000000000006,-563.1000000000054,-547.1999999999966,-1506.300000000002
1808,766,-399.0000000000022,-515.7000000000041,-545.2999999999972,-1460.0000000000036
1809,860,-395.5999999999999,-601.1000000000062,-593.0999999999974,-1589.8000000000034
1811,834,-398.700000000001,-584.7000000000057,-560.0999999999979,-1543.5000000000045
1812,767,-375.90000000000083,-510.600000000004,-536.5999999999973,-1423.1000000000022
1813,815,-408.1000000000017,-573.1000000000035,-558.3999999999968,-1539.6000000000022
1814,787,-373.20000000000147,-546.0000000000047,-526.9999999999956,-1446.2000000000016
1815,847,-387.3000000000011,-589.0000000000055,-583.999999999997,-1560.3000000000036
1816,810,-388.0999999999997,-552.8000000000051,-560.4999999999958,-1501.4000000000005
1817,817,-445.7000000000028,-562.3000000000051,-595.6000000000004,-1603.600000000008
1818,901,-414.00000000000034,-638.2000000000041,-605.8000000000002,-1658.0000000000045
1819,853,-409.20000000000124,-606.200000000006,-576.3999999999975,-1591.8000000000047
1821,861,-410.8000000000017,-641.5000000000072,-580.1999999999991,-1632.500000000008
1822,830,-381.90000000000026,-564.8000000000034,-562.299999999997,-1509.0000000000007
1823,836,-403.2000000000021,-590.2000000000018,-559.4999999999977,-1552.9000000000015
1824,777,-381.8000000000006,-566.900000000006,-531.7999999999951,-1480.5000000000018
1825,852,-397.20000000000067,-608.8000000000068,-580.0999999999977,-1586.1000000000054
1826,867,-463.60000000000275,-609.1000000000059,-585.5999999999996,-1658.3000000000084
1827,923,-416.49999999999955,-638.6000000000032,-654.8000000000011,-1709.9000000000037
1828,754,-379.4000000000015,-495.7000000000042,-522.0999999999958,-1397.2000000000016
1829,838,-431.4000000000018,-596.7000000000062,-564.8999999999979,-1593.000000000006
1831,818,-384.00000000000034,-551.4000000000046,-551.4999999999965,-1486.9000000000015
1832,782,-368.3000000000002,-543.7000000000039,-538.4999999999956,-1450.4999999999995
1833,770,-354.0000000000002,-532.3000000000037,-518.2999999999948,-1404.5999999999988
1834,780,-368.8000000000002,-533.5000000000044,-540.2999999999957,-1442.6000000000004
1835,900,-409.7000000000012,-642.4000000000042,-615.0999999999991,-1667.2000000000044
1836,726,-366.2000000000017,-472.6000000000033,-502.4999999999961,-1341.300000000001
1837,731,-348.5000000000004,-494.70000000000385,-513.5999999999964,-1356.8000000000006
1838,861,-438.40000000000083,-587.6000000000055,-597.1999999999978,-1623.2000000000041
1839,860,-423.49999999999983,-614.5000000000066,-580.0999999999989,-1618.1000000000054
1841,733,-351.8000000000008,-499.600000000004,-490.79999999999484,-1342.1999999999998
1842,865,-422.40000000000106,-632.7000000000037,-603.5999999999973,-1658.700000000002
1843,829,-406.00000000000205,-555.0000000000023,-581.3999999999958,-1542.4
1844,792,-381.20000000000164,-535.6000000000046,-546.8999999999957,-1463.7000000000019
1845,830,-398.5000000000011,-592.9000000000062,-583.4999999999964,-1574.9000000000037
1846,929,-461.30000000000183,-646.9000000000063,-621.8000000000017,-1730.00000000001
1847,1004,-593.8000000000036,-799.800000000009,-822.5000000000051,-2216.1000000000176
1848,743,-373.9000000000017,-464.0000000000035,-500.199999999995,-1338.1000000000001
1849,820,-420.500000000001,-587.9000000000059,-553.2999999999973,-1561.7000000000044
1851,781,-358.69999999999993,-537.3000000000046,-528.399999999995,-1424.3999999999996
1852,902,-408.99999999999915,-626.400000000004,-601.0999999999998,-1636.5000000000027
1853,813,-421.3000000000018,-536.0000000000042,-551.1999999999955,-1508.5000000000014
1854,888,-404.4000000000008,-611.6000000000035,-609.6999999999988,-1625.700000000003
1855,873,-451.40000000000225,-618.8000000000064,-585.7999999999987,-1656.0000000000073
1856,883,-442.5000000000019,-633.3000000000058,-615.9999999999987,-1691.8000000000065
1857,872,-429.60000000000196,-596.4000000000032,-579.6999999999989,-1605.700000000004
1858,779,-358.60000000000184,-534.2000000000048,-517.7999999999946,-1410.6000000000013
1859,869,-424.1000000000007,-603.3000000000034,-596.5999999999988,-1624.000000000003
1861,863,-394.5000000000011,-610.9000000000065,-586.7999999999978,-1592.2000000000053
1862,760,-359.1000000000006,-544.6000000000055,-518.8999999999952,-1422.6000000000013
1863,826,-392.4999999999999,-578.5000000000059,-564.2999999999968,-1535.3000000000025
1864,811,-392.79999999999984,-551.0000000000052,-547.7999999999972,-1491.6000000000022
1865,821,-405.00000000000074,-579.8000000000056,-569.5999999999964,-1554.4000000000028
1866,833,-393.49999999999943,-594.6000000000059,-581.3999999999974,-1569.5000000000027
1867,793,-375.19999999999976,-546.1000000000049,-549.999999999996,-1471.3000000000006
1868,871,-410.20000000000044,-588.2000000000031,-580.3999999999991,-1578.8000000000025
1869,789,-384.70000000000084,-537.9000000000048,-539.1999999999952,-1461.8000000000006
1871,828,-386.5000000000001,-578.4000000000052,-575.899999999996,-1540.8000000000013
1872,764,-359.50000000000136,-541.900000000005,-536.4999999999962,-1437.9000000000026
1873,819,-418.10000000000196,-604.4000000000068,-548.3999999999968,-1570.9000000000055
1874,937,-478.20000000000135,-675.3000000000072,-628.0000000000015,-1781.50000000001
1875,806,-398.8000000000016,-557.9000000000057,-568.6999999999962,-1525.4000000000035
1876,829,-367.0000000000002,-573.900000000005,-547.7999999999963,-1488.7000000000016
1877,913,-481.90000000000225,-627.2000000000041,-619.6000000000009,-1728.700000000007
1878,808,-355.40000000000094,-539.0000000000042,-539.0999999999956,-1433.5000000000007
1879,776,-370.3000000000003,-542.300000000005,-552.699999999997,-1465.3000000000022
1881,813,-366.8000000000011,-556.9000000000052,-559.999999999996,-1483.7000000000023
1882,923,-426.3000000000009,-633.6000000000001,-614.6000000000006,-1674.5000000000016
1883,797,-378.1000000000011,-540.800000000004,-550.5999999999957,-1469.500000000001
1884,835,-366.6000000000005,-584.2000000000055,-576.7999999999968,-1527.6000000000026
1885,863,-400.5000000000006,-626.5000000000067,-579.9999999999984,-1607.0000000000057
1886,856,-420.90000000000055,-601.2000000000058,-569.8999999999982,-1592.0000000000045
1887,863,-415.10000000000196,-631.9000000000074,-611.399999999998,-1658.4000000000074
1888,866,-437.20000000000243,-587.300000000003,-588.4999999999987,-1613.000000000004
1889,883,-444.0000000000017,-621.4000000000057,-589.9999999999987,-1655.400000000006
1891,786,-371.8000000000006,-532.3000000000043,-551.0999999999964,-1455.2000000000012
1892,788,-393.20000000000215,-517.6000000000042,-548.4999999999978,-1459.3000000000043
1893,835,-394.2000000000016,-551.3000000000046,-578.199999999996,-1523.700000000002
1894,810,-390.90000000000117,-571.6000000000054,-568.4999999999961,-1531.0000000000027
1895,904,-448.00000000000085,-643.4000000000037,-630.6999999999991,-1722.1000000000038
1896,807,-405.8000000000019,-556.0000000000051,-542.3999999999967,-1504.2000000000037
1897,929,-445.00000000000153,-689.0000000000057,-649.6000000000006,-1783.6000000000079
1898,845,-409.9000000000006,-585.4000000000055,-590.5999999999971,-1585.9000000000033
1899,801,-368.1999999999996,-546.4000000000048,-535.9999999999962,-1450.6000000000006
1901,830,-381.2999999999995,-594.7000000000063,-576.6999999999962,-1552.700000000002
1902,829,-395.3000000000007,-563.6000000000047,-576.5999999999957,-1535.500000000001
1903,831,-390.40000000000134,-579.0000000000031,-559.5999999999977,-1529.0000000000023
1904,948,-536.3000000000033,-702.7000000000018,-679.500000000002,-1918.500000000007
1905,768,-379.90000000000066,-526.5000000000047,-519.0999999999952,-1425.5000000000005
1906,889,-455.50000000000233,-673.6000000000051,-624.7999999999984,-1753.9000000000058
1907,847,-386.6000000000002,-593.0000000000056,-594.1999999999966,-1573.8000000000025
1908,888,-438.40000000000197,-668.3000000000051,-607.2999999999986,-1714.0000000000057
1909,844,-388.59999999999854,-607.7000000000065,-584.6999999999977,-1581.0000000000027
1911,804,-389.0000000000004,-565.5000000000049,-549.2999999999951,-1503.8000000000002
1912,808,-412.0000000000018,-554.4000000000049,-541.0999999999963,-1507.500000000003
1913,752,-365.7000000000009,-492.10000000000394,-505.89999999999486,-1363.6999999999998
1914,849,-400.20000000000107,-566.3000000000036,-572.799999999997,-1539.3000000000015
1915,823,-403.2,-569.0000000000057,-553.5999999999973,-1525.800000000003
1916,826,-405.300000000001,-587.9000000000034,-559.4999999999977,-1552.700000000002
1917,809,-386.6000000000004,-532.5000000000031,-554.399999999996,-1473.4999999999995
1918,901,-455.2000000000014,-636.400000000005,-607.0000000000007,-1698.600000000007
1919,905,-407.9,-678.4000000000075,-614.8000000000002,-1701.1000000000076
1921,810,-400.8000000000018,-553.0000000000051,-542.2999999999964,-1496.1000000000033
1922,832,-390.1999999999993,-570.8000000000052,-575.2999999999961,-1536.3000000000006
1923,870,-408.8000000000009,-645.9000000000059,-593.2999999999981,-1648.000000000005
1924,857,-406.59999999999883,-600.5000000000009,-588.7999999999981,-1595.8999999999978
1925,880,-418.5000000000007,-628.2000000000063,-591.8999999999997,-1638.6000000000067
1926,858,-399.09999999999997,-637.4000000000067,-595.8999999999976,-1632.4000000000042
1927,837,-379.9,-593.5000000000048,-570.399999999997,-1543.8000000000018
1928,846,-417.80000000000206,-575.2000000000027,-585.8999999999974,-1578.9000000000021
1929,829,-383.7000000000004,-538.4000000000045,-564.1999999999962,-1486.300000000001
1931,733,-364.4000000000008,-496.6000000000043,-517.3999999999968,-1378.400000000002
1932,829,-386.7000000000005,-558.1000000000051,-566.7999999999967,-1511.6000000000022
1933,803,-370.10000000000025,-553.4000000000053,-553.3999999999952,-1476.9000000000008
1934,797,-376.3000000000004,-554.2000000000049,-550.1999999999954,-1480.7000000000007
1935,810,-388.3000000000004,-607.1000000000034,-547.2999999999964,-1542.7000000000003
1936,802,-379.80000000000086,-554.9000000000054,-559.299999999996,-1494.0000000000023
1937,822,-409.4000000000018,-572.0000000000055,-545.4999999999962,-1526.9000000000035
1938,767,-361.20000000000044,-521.4000000000044,-531.3999999999957,-1414.0000000000005
1939,882,-421.5999999999998,-630.3000000000069,-617.4999999999975,-1669.4000000000042
1941,834,-413.40000000000146,-632.7000000000075,-564.699999999998,-1610.800000000007
1942,817,-449.7000000000032,-574.3000000000055,-551.3999999999974,-1575.400000000006
1943,868,-418.3000000000002,-572.1000000000023,-589.499999999999,-1579.9000000000015
1944,805,-398.90000000000134,-548.5000000000052,-542.7999999999968,-1490.2000000000035
1945,764,-376.8000000000005,-529.4000000000045,-516.699999999995,-1422.9
1946,890,-425.3999999999994,-628.6000000000062,-616.2999999999989,-1670.3000000000043
1947,857,-407.99999999999903,-610.1000000000025,-609.3999999999988,-1627.5000000000005
1948,816,-375.80000000000007,-567.6000000000057,-552.0999999999964,-1495.5000000000023
1949,771,-369.5000000000012,-515.5000000000038,-520.3999999999949,-1405.3999999999999
1951,840,-390.3000000000014,-581.2000000000052,-591.0999999999973,-1562.600000000004
1952,847,-393.70000000000044,-601.3000000000058,-572.599999999998,-1567.600000000004
1953,829,-386.50000000000057,-588.2000000000031,-574.7999999999969,-1549.5000000000005
1954,900,-462.30000000000217,-641.7000000000069,-597.0999999999992,-1701.1000000000083
1955,827,-408.80000000000126,-555.1000000000053,-576.1999999999956,-1540.1000000000022
1956,845,-387.90000000000026,-589.7000000000061,-592.1999999999964,-1569.8000000000027
1957,716,-341.1000000000005,-496.9000000000037,-486.4999999999953,-1324.4999999999993
1958,779,-346.50000000000006,-525.4000000000046,-521.7999999999946,-1393.6999999999994
1959,854,-435.20000000000164,-620.4000000000034,-595.0999999999979,-1650.7000000000028
1961,822,-394.5000000000005,-556.4000000000036,-555.2999999999964,-1506.2000000000007
1962,908,-442.50000000000153,-607.6000000000001,-652.8999999999983,-1703.0
1963,796,-408.600000000002,-544.5000000000049,-535.899999999996,-1489.000000000003
1964,810,-375.2000000000014,-575.6000000000058,-541.2999999999965,-1492.1000000000038
1965,866,-408.00000000000085,-610.0000000000047,-631.8999999999986,-1649.9000000000042
1966,852,-413.4,-631.4000000000071,-603.4999999999981,-1648.3000000000052
1967,828,-404.70000000000084,-638.2000000000075,-558.0999999999979,-1601.0000000000061
1968,799,-396.6000000000015,-558.0000000000052,-556.1999999999957,-1510.8000000000025
1969,899,-435.9000000000005,-700.5000000000088,-677.7999999999988,-1814.200000000008
1971,870,-397.19999999999965,-587.5000000000027,-604.0999999999972,-1588.7999999999995
1972,828,-403.30000000000143,-590.4000000000057,-556.4999999999976,-1550.2000000000048
1973,809,-380.10000000000014,-545.7000000000049,-543.7999999999967,-1469.6000000000017
1974,799,-396.8000000000009,-553.8000000000038,-547.9999999999962,-1498.6000000000008
1975,770,-396.7000000000015,-522.0000000000043,-523.8999999999959,-1442.6000000000017
1976,798,-403.00000000000205,-566.7000000000028,-571.6999999999967,-1541.4000000000015
1977,859,-391.50000000000045,-622.9000000000067,-587.1999999999973,-1601.6000000000045
1978,846,-389.8000000000007,-613.4000000000067,-576.4999999999975,-1579.7000000000048
1979,839,-415.70000000000164,-595.4000000000033,-564.7999999999984,-1575.9000000000033
1981,794,-390.4000000000013,-583.3000000000061,-539.2999999999959,-1513.0000000000032
1982,899,-440.7000000000008,-626.000000000006,-607.2000000000003,-1673.9000000000071
1983,807,-403.40000000000134,-568.9000000000052,-561.5999999999959,-1533.9000000000024
1984,792,-375.8999999999996,-544.0000000000042,-556.8999999999984,-1476.800000000002
1985,827,-377.1000000000013,-570.5000000000045,-564.1999999999963,-1511.800000000002
1986,840,-399.20000000000124,-594.0000000000059,-579.0999999999968,-1572.3000000000038
1987,907,-421.7,-616.9000000000034,-620.3999999999987,-1659.000000000002
1988,778,-370.80000000000206,-528.0000000000048,-526.8999999999947,-1425.7000000000016
1989,939,-450.69999999999953,-690.1000000000054,-650.8000000000017,-1791.6000000000067
1991,757,-378.3000000000015,-505.9000000000042,-509.59999999999485,-1393.8000000000006
1992,881,-416.4000000000007,-632.7000000000068,-589.5999999999993,-1638.7000000000066
1993,842,-445.20000000000164,-604.1000000000059,-566.0999999999982,-1615.4000000000055
1994,860,-396.09999999999945,-599.8000000000061,-599.2999999999978,-1595.2000000000035
1995,752,-388.40000000000106,-508.200000000004,-537.2999999999989,-1433.9000000000042
1996,772,-358.200000000001,-513.9000000000046,-542.8999999999967,-1415.0000000000023
1997,889,-415.0999999999998,-606.1000000000055,-598.2,-1619.4000000000053
1998,760,-379.8000000000014,-494.6000000000039,-508.8999999999947,-1383.3
1999,874,-429.00000000000136,-586.5000000000033,-582.8999999999991,-1598.4000000000037
